0 0.0890625 0.6640625 0.178125 0.25
0 0.46953125 0.36875 0.1125 0.209375
0 0.06328125 0.21796875 0.1265625 0.3171875
0 0.25546875 0.61328125 0.51015625 0.66484375
2 0.83359375 0.0890625 0.1359375 0.178125
0 0.30078125 0.23359375 0.21015625 0.25546875
3 0.74140625 0.59765625 0.27265625 0.553125
0 0.57265625 0.34609375 0.10703125 0.11796875
0 0.95390625 0.6140625 0.09140625 0.24453125
0 0.9578125 0.77109375 0.08359375 0.115625
0 0.87578125 0.71484375 0.06328125 0.1296875
0 0.26484375 0.79375 0.1859375 0.25859375