0 0.8578125 0.46640625 0.23046875 0.346875
0 0.534375 0.3421875 0.021875 0.06796875
0 0.58046875 0.8390625 0.17890625 0.21953125
0 0.621875 0.4078125 0.14453125 0.2609375
0 0.06640625 0.30625 0.13203125 0.30078125
0 0.08671875 0.6640625 0.1734375 0.209375
0 0.48046875 0.77265625 0.075 0.1390625
0 0.90546875 0.63984375 0.10234375 0.1640625
0 0.93671875 0.8265625 0.12578125 0.3453125
3 0.73671875 0.1171875 0.109375 0.234375
0 0.678125 0.8625 0.09453125 0.23984375
0 0.9671875 0.4859375 0.0640625 0.38125