3 0.27109375 0.37109375 0.19453125 0.225
3 0.15078125 0.12265625 0.2046875 0.2453125
0 0.5421875 0.190625 0.29140625 0.22734375
0 0.4265625 0.203125 0.08203125 0.14609375
3 0.54921875 0.928125 0.109375 0.14140625
3 0.290625 0.48984375 0.471875 0.5890625
0 0.7609375 0.55859375 0.13203125 0.29296875
0 0.87421875 0.63671875 0.25078125 0.56875
0 0.4265625 0.9296875 0.09453125 0.1125
3 0.96953125 0.9671875 0.05546875 0.0640625
3 0.83046875 0.18125 0.21953125 0.3625
3 0.9796875 0.10546875 0.03984375 0.2109375