0 0.79765625 0.740625 0.175 0.40546875
3 0.2875 0.2390625 0.0921875 0.109375
3 0.91328125 0.44453125 0.17265625 0.32890625
3 0.90390625 0.728125 0.10078125 0.23203125
0 0.71328125 0.08515625 0.16796875 0.16953125
0 0.8734375 0.56875 0.2515625 0.13359375
0 0.71328125 0.23046875 0.07734375 0.16328125
0 0.0421875 0.82421875 0.084375 0.3484375
0 0.19609375 0.5421875 0.15859375 0.25625
0 0.2 0.86328125 0.23828125 0.271875
0 0.33984375 0.8171875 0.13046875 0.29453125
0 0.62890625 0.71171875 0.26171875 0.575
3 0.2890625 0.12734375 0.14375 0.18203125
0 0.7984375 0.40703125 0.23515625 0.22578125
0 0.4578125 0.24609375 0.17109375 0.23203125