0 0.915625 0.42890625 0.04296875 0.17265625
0 0.09921875 0.43125 0.19765625 0.290625
0 0.9140625 0.22890625 0.17109375 0.36328125
0 0.89921875 0.8875 0.18671875 0.2234375
0 0.51015625 0.55234375 0.08203125 0.14609375
0 0.4375 0.7234375 0.14921875 0.17578125
0 0.06328125 0.83203125 0.1265625 0.3078125
0 0.203125 0.60625 0.0828125 0.18515625
0 0.2828125 0.409375 0.078125 0.09140625
0 0.3359375 0.209375 0.15546875 0.34921875
0 0.58125 0.353125 0.1890625 0.2859375
0 0.8171875 0.228125 0.10078125 0.14921875