0 0.121875 0.20078125 0.1765625 0.24296875
0 0.45859375 0.5578125 0.12421875 0.24296875
0 0.89375 0.6515625 0.21171875 0.37578125
0 0.665625 0.84453125 0.05625 0.0765625
0 0.76953125 0.81484375 0.18984375 0.2953125
3 0.328125 0.61015625 0.12421875 0.2046875
1 0.30390625 0.5125 0.0890625 0.175
0 0.7796875 0.43046875 0.03671875 0.115625
3 0.753125 0.53046875 0.08515625 0.0984375
0 0.575 0.47421875 0.1046875 0.14609375
0 0.984375 0.60625 0.03046875 0.134375
0 0.5953125 0.85234375 0.0875 0.134375
3 0.91484375 0.2546875 0.1671875 0.365625