1 0.30390625 0.78359375 0.04453125 0.14453125
3 0.73125 0.34765625 0.1765625 0.44765625
3 0.65625 0.74453125 0.1640625 0.1828125
0 0.55390625 0.7640625 0.4921875 0.4703125
0 0.1890625 0.46796875 0.21953125 0.2796875
3 0.9 0.30859375 0.19921875 0.32578125
3 0.4140625 0.465625 0.19921875 0.4125
3 0.04375 0.4125 0.0875 0.38828125
0 0.26796875 0.62734375 0.13671875 0.16796875
0 0.8578125 0.58203125 0.19296875 0.265625
3 0.840625 0.8375 0.16171875 0.32265625
2 0.20078125 0.184375 0.21484375 0.25546875
3 0.14921875 0.1 0.2984375 0.2
3 0.821875 0.16328125 0.20078125 0.22265625