0 0.740625 0.6296875 0.159375 0.4109375
3 0.50703125 0.49921875 0.4234375 0.9984375
3 0.63828125 0.2234375 0.1140625 0.11015625
3 0.03828125 0.86640625 0.0765625 0.26484375
3 0.6984375 0.35 0.103125 0.115625
0 0.24140625 0.65234375 0.29453125 0.51640625
0 0.41640625 0.9390625 0.03984375 0.11953125
0 0.51015625 0.75234375 0.1125 0.35078125
0 0.90546875 0.54375 0.18125 0.240625
3 0.90546875 0.2671875 0.1859375 0.534375
3 0.29375 0.81796875 0.36953125 0.36328125
3 0.25078125 0.08046875 0.1125 0.16015625