0 0.25078125 0.2703125 0.1234375 0.12734375
3 0.43515625 0.70390625 0.26015625 0.590625
0 0.70234375 0.68828125 0.428125 0.51015625
0 0.08046875 0.79609375 0.07265625 0.0765625
0 0.0140625 0.71171875 0.02734375 0.1375
0 0.87109375 0.45078125 0.15078125 0.1421875
1 0.53359375 0.2109375 0.09375 0.16875
0 0.08046875 0.12890625 0.1609375 0.2578125
0 0.84375 0.94375 0.19453125 0.1109375
0 0.98359375 0.73828125 0.0296875 0.0765625
0 0.32578125 0.61875 0.1609375 0.19375
0 0.2625 0.41640625 0.2078125 0.2765625
2 0.67890625 0.584375 0.11640625 0.31640625