3 0.49296875 0.32578125 0.27734375 0.50078125
0 0.50625 0.1140625 0.09296875 0.0890625
0 0.65703125 0.0609375 0.03125 0.0578125
0 0.2609375 0.215625 0.409375 0.43125
0 0.9328125 0.62109375 0.1328125 0.2796875
0 0.9703125 0.9390625 0.05859375 0.1203125
3 0.44296875 0.54375 0.115625 0.0640625
0 0.31796875 0.721875 0.33671875 0.36484375
3 0.49765625 0.84296875 0.19375 0.31328125
0 0.57265625 0.08828125 0.17890625 0.17578125
0 0.2890625 0.86796875 0.3703125 0.26328125
0 0.78125 0.45546875 0.33046875 0.50859375