0 0.83125 0.78984375 0.04609375 0.08359375
3 0.8765625 0.94453125 0.19921875 0.10859375
0 0.69375 0.453125 0.04296875 0.18828125
0 0.62734375 0.2875 0.08203125 0.0875
0 0.075 0.64453125 0.10859375 0.11171875
0 0.4515625 0.23828125 0.1140625 0.1765625
0 0.2328125 0.48828125 0.109375 0.2328125
0 0.1 0.75859375 0.19921875 0.30859375
0 0.80625 0.5796875 0.06484375 0.19140625
0 0.72890625 0.334375 0.1984375 0.29140625
0 0.5078125 0.859375 0.20078125 0.27890625
0 0.1421875 0.503125 0.1859375 0.22890625
3 0.33515625 0.434375 0.11328125 0.259375
2 0.928125 0.125 0.0703125 0.1484375
2 0.53046875 0.15234375 0.215625 0.30390625