3 0.75859375 0.51484375 0.20703125 0.60703125
2 0.4953125 0.0765625 0.1640625 0.153125
0 0.38203125 0.65390625 0.08671875 0.13828125
0 0.1484375 0.4984375 0.16484375 0.5125
0 0.87421875 0.66171875 0.25078125 0.6109375
0 0.0453125 0.7 0.090625 0.253125
0 0.04375 0.09296875 0.0875 0.1828125
3 0.3421875 0.7140625 0.14296875 0.20078125
0 0.053125 0.53984375 0.10625 0.14453125
0 0.203125 0.3296875 0.11171875 0.16015625
3 0.57734375 0.3875 0.146875 0.4265625
0 0.4484375 0.86171875 0.16796875 0.27421875
1 0.3234375 0.315625 0.08671875 0.1015625