3 0.040625 0.6203125 0.08125 0.5640625
0 0.32578125 0.5484375 0.20703125 0.1328125
3 0.25625 0.43984375 0.03203125 0.05390625
3 0.796875 0.1890625 0.31640625 0.378125
0 0.6078125 0.37421875 0.15078125 0.2265625
0 0.96015625 0.3609375 0.07890625 0.2234375
0 0.4 0.4109375 0.07578125 0.221875
0 0.665625 0.71796875 0.103125 0.2359375
0 0.0984375 0.5375 0.07265625 0.1703125
3 0.76015625 0.9265625 0.165625 0.14453125
3 0.91953125 0.73046875 0.16015625 0.53828125
0 0.2203125 0.4140625 0.04609375 0.0859375