0 0.7578125 0.38671875 0.0875 0.17890625
3 0.51328125 0.909375 0.08203125 0.1796875
0 0.11484375 0.63125 0.10390625 0.20859375
3 0.60234375 0.36171875 0.47890625 0.7234375
3 0.92109375 0.18828125 0.15703125 0.32890625
0 0.9109375 0.40703125 0.17734375 0.478125
3 0.2484375 0.121875 0.1125 0.24296875
0 0.24375 0.8546875 0.06484375 0.26875
2 0.43046875 0.896875 0.13984375 0.20390625
0 0.36875 0.6609375 0.2203125 0.41640625
2 0.975 0.890625 0.046875 0.125
3 0.6328125 0.846875 0.09921875 0.16328125
0 0.51484375 0.51015625 0.2375 0.19765625
0 0.05 0.27265625 0.1 0.42734375
0 0.13359375 0.8578125 0.196875 0.28203125
0 0.56328125 0.8421875 0.0625 0.1484375
0 0.96796875 0.821875 0.06328125 0.240625
0 0.97265625 0.98515625 0.0484375 0.0265625