0 0.1265625 0.68984375 0.23125 0.2578125
0 0.41640625 0.8265625 0.11953125 0.23125
3 0.253125 0.5921875 0.32890625 0.55234375
0 0.40234375 0.675 0.05 0.11875
3 0.05546875 0.58828125 0.0890625 0.1140625
0 0.54453125 0.5578125 0.15859375 0.31640625
0 0.9515625 0.69375 0.09609375 0.2234375
0 0.359375 0.0765625 0.0953125 0.15234375
0 0.51484375 0.5109375 0.21796875 0.46171875
0 0.896875 0.4171875 0.0453125 0.08359375
0 0.17109375 0.42109375 0.34140625 0.5921875
0 0.696875 0.34921875 0.11328125 0.096875
2 0.90234375 0.3875 0.0609375 0.1140625
3 0.6484375 0.80390625 0.47265625 0.390625
0 0.32578125 0.86328125 0.03828125 0.1375
0 0.27109375 0.86015625 0.08984375 0.09140625