0 0.61875 0.7171875 0.18046875 0.30625
3 0.81171875 0.0578125 0.13515625 0.11484375
3 0.73046875 0.8859375 0.24140625 0.22578125
3 0.7359375 0.7421875 0.12421875 0.13515625
0 0.3953125 0.6890625 0.20859375 0.2125
3 0.3125 0.45625 0.16640625 0.3921875
0 0.95703125 0.321875 0.08515625 0.2609375
0 0.875 0.6484375 0.1578125 0.22421875
0 0.16171875 0.909375 0.15390625 0.09765625
0 0.5640625 0.3234375 0.0484375 0.13984375
0 0.0109375 0.9421875 0.02109375 0.046875
0 0.70859375 0.26015625 0.28515625 0.3421875