0 0.74140625 0.45078125 0.1546875 0.35625
0 0.340625 0.13046875 0.171875 0.2609375
0 0.6125 0.7390625 0.10234375 0.25078125
3 0.90859375 0.740625 0.053125 0.09921875
3 0.75546875 0.18984375 0.1125 0.14921875
3 0.63125 0.3078125 0.1234375 0.15546875
3 0.1359375 0.78125 0.1875 0.184375
0 0.98515625 0.39453125 0.02578125 0.04921875
0 0.86796875 0.46171875 0.26328125 0.478125
3 0.046875 0.271875 0.09375 0.23203125
0 0.67734375 0.4484375 0.05625 0.115625
0 0.0296875 0.6640625 0.059375 0.15703125
0 0.02265625 0.92421875 0.0453125 0.1453125