0 0.42734375 0.853125 0.05234375 0.09453125
0 0.61328125 0.53203125 0.12109375 0.28515625
0 0.8609375 0.43046875 0.07421875 0.0984375
0 0.67578125 0.7390625 0.115625 0.0828125
0 0.96640625 0.71015625 0.0640625 0.0953125
0 0.8125 0.85546875 0.2203125 0.28671875
0 0.76796875 0.66484375 0.09375 0.13203125
0 0.2953125 0.5703125 0.1046875 0.37890625
0 0.18828125 0.4828125 0.04375 0.040625
3 0.51875 0.25859375 0.5140625 0.478125
0 0.62265625 0.81328125 0.28125 0.371875
3 0.3859375 0.3703125 0.3296875 0.35390625
3 0.93828125 0.4375 0.1203125 0.09375
3 0.83984375 0.56484375 0.1140625 0.12109375
0 0.525 0.325 0.1421875 0.1734375