0 0.33046875 0.82265625 0.08203125 0.1359375
0 0.46953125 0.93046875 0.16015625 0.13671875
0 0.6421875 0.175 0.23203125 0.34921875
0 0.46328125 0.03984375 0.1453125 0.0796875
0 0.4875 0.7328125 0.40546875 0.53203125
0 0.1234375 0.30625 0.246875 0.61171875
0 0.93046875 0.36640625 0.13828125 0.25546875
0 0.9390625 0.54375 0.12109375 0.1015625
0 0.859375 0.72578125 0.1140625 0.19375
3 0.684375 0.33984375 0.10546875 0.13359375
3 0.87578125 0.365625 0.07421875 0.1203125
3 0.7640625 0.36171875 0.078125 0.10625
2 0.62265625 0.2796875 0.08828125 0.1234375
3 0.54375 0.96640625 0.1234375 0.065625
0 0.2078125 0.6546875 0.19296875 0.25078125
0 0.9640625 0.84140625 0.07109375 0.203125
0 0.325 0.94140625 0.10546875 0.115625
2 0.18125 0.3671875 0.053125 0.1578125
0 0.8203125 0.29140625 0.11328125 0.190625