2 0.04921875 0.30625 0.0984375 0.0875
3 0.42265625 0.41640625 0.128125 0.24296875
3 0.20625 0.865625 0.05078125 0.1484375
2 0.4140625 0.771875 0.08671875 0.18671875
3 0.77421875 0.2703125 0.4171875 0.540625
3 0.97109375 0.475 0.05703125 0.1
3 0.64296875 0.47578125 0.25 0.39765625
0 0.271875 0.71171875 0.1953125 0.13984375
0 0.2296875 0.4984375 0.10703125 0.19921875
3 0.325 0.4046875 0.06328125 0.12109375
3 0.31484375 0.49140625 0.08046875 0.08359375
0 0.09609375 0.478125 0.19140625 0.109375
3 0.53203125 0.32734375 0.16875 0.1640625
0 0.95390625 0.921875 0.09140625 0.1546875
0 0.81875 0.75625 0.29375 0.30078125