1 0.88046875 0.62734375 0.075 0.17734375
0 0.9625 0.82109375 0.02421875 0.0484375
0 0.53984375 0.7 0.25390625 0.2
0 0.54296875 0.8625 0.215625 0.2734375
0 0.728125 0.91796875 0.2 0.14140625
3 0.775 0.0734375 0.284375 0.146875
0 0.75390625 0.596875 0.14765625 0.15
0 0.96484375 0.95 0.0515625 0.096875
3 0.61171875 0.53828125 0.465625 0.54140625
0 0.02890625 0.78125 0.0578125 0.196875
3 0.9328125 0.7109375 0.0703125 0.14296875
0 0.4890625 0.4140625 0.11171875 0.1640625
3 0.065625 0.8734375 0.13046875 0.24140625