0 0.46484375 0.51328125 0.12734375 0.19921875
0 0.08203125 0.42578125 0.1640625 0.6234375
0 0.02578125 0.4203125 0.0515625 0.39296875
0 0.8984375 0.58828125 0.20234375 0.3734375
0 0.43046875 0.88671875 0.178125 0.225
0 0.22109375 0.45546875 0.121875 0.1640625
0 0.18203125 0.41328125 0.046875 0.08515625
0 0.7625 0.55390625 0.18984375 0.41875
0 0.33671875 0.50234375 0.14453125 0.37109375
0 0.91875 0.12109375 0.159375 0.2421875
3 0.1765625 0.8359375 0.065625 0.1796875
0 0.11796875 0.27734375 0.05859375 0.134375