3 0.13515625 0.1640625 0.1359375 0.265625
3 0.92109375 0.9515625 0.1 0.09453125
0 0.5109375 0.853125 0.05546875 0.15546875
0 0.590625 0.821875 0.02734375 0.06171875
3 0.821875 0.85546875 0.1375 0.17890625
3 0.86328125 0.4234375 0.27265625 0.421875
0 0.83046875 0.7375 0.33828125 0.5234375
0 0.36328125 0.4328125 0.1515625 0.15546875
3 0.51171875 0.66953125 0.06796875 0.2140625
0 0.55390625 0.73515625 0.05390625 0.10234375
3 0.05546875 0.6875 0.1109375 0.25078125
0 0.37890625 0.81953125 0.21328125 0.359375