0 0.9609375 0.54375 0.07734375 0.50546875
3 0.60859375 0.63046875 0.1453125 0.1859375
3 0.51796875 0.76171875 0.17578125 0.34296875
3 0.70859375 0.83359375 0.209375 0.325
2 0.4125 0.12578125 0.225 0.24921875
0 0.0609375 0.865625 0.121875 0.26796875
0 0.28515625 0.51015625 0.1265625 0.47890625
2 0.14609375 0.06796875 0.0546875 0.1328125
0 0.3375 0.2296875 0.1515625 0.23359375
0 0.2234375 0.05546875 0.13671875 0.10859375
0 0.22578125 0.78828125 0.45078125 0.42109375
0 0.1484375 0.15859375 0.0375 0.06953125