3 0.90234375 0.64609375 0.1046875 0.14140625
3 0.84609375 0.77890625 0.20078125 0.30546875
3 0.94765625 0.83828125 0.10390625 0.321875
3 0.1984375 0.875 0.2421875 0.2484375
3 0.0984375 0.2109375 0.196875 0.421875
2 0.709375 0.1109375 0.2703125 0.2140625
0 0.31953125 0.871875 0.23046875 0.2546875
0 0.62421875 0.52734375 0.18515625 0.46953125
2 0.440625 0.0671875 0.0390625 0.1265625
0 0.63671875 0.24453125 0.159375 0.21640625
0 0.5 0.11171875 0.12890625 0.22265625
0 0.525 0.79140625 0.446875 0.41484375