0 0.8828125 0.715625 0.115625 0.16640625
3 0.8203125 0.8859375 0.22890625 0.2265625
3 0.471875 0.23125 0.40546875 0.45859375
3 0.3828125 0.13671875 0.36953125 0.27109375
2 0.0609375 0.153125 0.11875 0.18359375
0 0.86953125 0.88203125 0.246875 0.23359375
0 0.36484375 0.61796875 0.27421875 0.365625
0 0.0484375 0.79765625 0.096875 0.40078125
2 0.9078125 0.2 0.0875 0.2046875
0 0.72109375 0.93828125 0.0296875 0.0859375
0 0.9609375 0.15859375 0.07734375 0.24375
3 0.35078125 0.37734375 0.16328125 0.14765625