2 0.37265625 0.52421875 0.15703125 0.1921875
3 0.16171875 0.3546875 0.3234375 0.63203125
3 0.6078125 0.88515625 0.15234375 0.109375
2 0.16875 0.94921875 0.06640625 0.1
0 0.2390625 0.971875 0.05078125 0.05390625
0 0.103125 0.934375 0.08203125 0.12890625
0 0.26640625 0.6203125 0.23671875 0.196875
0 0.44609375 0.1828125 0.1421875 0.3421875
0 0.371875 0.346875 0.09453125 0.17578125
0 0.571875 0.475 0.22109375 0.30703125
0 0.9046875 0.6375 0.07578125 0.1484375
0 0.77734375 0.9734375 0.07421875 0.0515625