0 0.9375 0.7828125 0.0640625 0.1375
0 0.51640625 0.45 0.0765625 0.19921875
0 0.51875 0.5859375 0.37421875 0.47265625
0 0.95390625 0.54921875 0.0890625 0.2515625
0 0.80859375 0.7640625 0.23671875 0.20859375
0 0.79921875 0.4640625 0.0921875 0.13515625
0 0.78515625 0.53046875 0.05390625 0.0859375
0 0.7828125 0.89140625 0.10234375 0.13046875
0 0.71015625 0.48203125 0.29375 0.4390625
3 0.7015625 0.76640625 0.08671875 0.203125
0 0.36171875 0.02265625 0.078125 0.0453125
0 0.5421875 0.878125 0.21875 0.24296875