0 0.82578125 0.56015625 0.14609375 0.2546875
0 0.7421875 0.328125 0.13125 0.23203125
3 0.6859375 0.48046875 0.1703125 0.34375
0 0.58359375 0.659375 0.28984375 0.29765625
0 0.45078125 0.34140625 0.15703125 0.36484375
2 0.26875 0.6390625 0.1234375 0.4484375
3 0.540625 0.07890625 0.146875 0.1578125
3 0.23828125 0.02265625 0.01171875 0.04453125
0 0.14921875 0.0796875 0.12578125 0.15703125
0 0.57734375 0.43203125 0.08515625 0.19921875
3 0.37421875 0.021875 0.1046875 0.04375
0 0.328125 0.20390625 0.06484375 0.2984375