0 0.27109375 0.46484375 0.12890625 0.11796875
3 0.80859375 0.06640625 0.125 0.1328125
3 0.94765625 0.53125 0.10390625 0.28671875
3 0.96953125 0.665625 0.06015625 0.12578125
0 0.575 0.1296875 0.359375 0.25859375
3 0.14296875 0.57890625 0.28515625 0.39609375
0 0.08671875 0.79140625 0.1734375 0.1703125
0 0.43125 0.50390625 0.0828125 0.10703125
0 0.33828125 0.16875 0.153125 0.25
0 0.60546875 0.6265625 0.11171875 0.23359375
0 0.6453125 0.43828125 0.046875 0.034375
0 0.8734375 0.2765625 0.0671875 0.09453125
3 0.94609375 0.27421875 0.10703125 0.10078125
0 0.025 0.146875 0.05 0.19375
0 0.0484375 0.88828125 0.09609375 0.22109375