3 0.26953125 0.30078125 0.140625 0.1828125
0 0.39765625 0.80234375 0.0765625 0.08046875
0 0.88125 0.5984375 0.1671875 0.23828125
0 0.95625 0.765625 0.08671875 0.15390625
0 0.79609375 0.50390625 0.12421875 0.171875
0 0.7625 0.7796875 0.20703125 0.2375
0 0.68671875 0.596875 0.09921875 0.21015625
3 0.7421875 0.6265625 0.11875 0.18828125
3 0.56015625 0.04296875 0.10078125 0.0859375
0 0.02265625 0.8578125 0.0453125 0.19921875
0 0.48125 0.80859375 0.09453125 0.09921875
0 0.86796875 0.8703125 0.24296875 0.25703125