0 0.82109375 0.88515625 0.04296875 0.04609375
0 0.84453125 0.14140625 0.0859375 0.0609375
2 0.51875 0.0828125 0.15390625 0.165625
3 0.76796875 0.04609375 0.1640625 0.0921875
3 0.9 0.41484375 0.1015625 0.1015625
0 0.54921875 0.36484375 0.07265625 0.09765625
0 0.0703125 0.39140625 0.140625 0.2484375
0 0.078125 0.878125 0.15625 0.240625
0 0.07578125 0.64921875 0.1515625 0.1109375
0 0.3578125 0.91953125 0.20390625 0.159375
0 0.465625 0.79609375 0.0890625 0.1984375
0 0.60546875 0.16484375 0.1390625 0.17890625