0 0.31640625 0.52265625 0.36640625 0.296875
0 0.60625 0.4921875 0.26953125 0.29375
3 0.953125 0.60703125 0.09296875 0.11015625
0 0.71171875 0.28359375 0.103125 0.36328125
3 0.8421875 0.78125 0.1421875 0.16328125
3 0.98359375 0.81953125 0.03203125 0.07890625
3 0.46171875 0.4234375 0.19765625 0.29140625
0 0.90703125 0.34453125 0.184375 0.4390625
3 0.91015625 0.98046875 0.07890625 0.03671875
0 0.921875 0.77421875 0.1546875 0.16015625
3 0.66171875 0.596875 0.16015625 0.140625
0 0.209375 0.37421875 0.17421875 0.29765625
0 0.84296875 0.584375 0.13984375 0.16171875