3 0.915625 0.6796875 0.16796875 0.2375
0 0.76328125 0.1515625 0.12578125 0.303125
3 0.8640625 0.29453125 0.27109375 0.5890625
3 0.65078125 0.79375 0.06328125 0.19140625
0 0.4828125 0.35078125 0.1921875 0.25859375
0 0.33984375 0.81015625 0.27890625 0.378125
0 0.15234375 0.7671875 0.3046875 0.4625
3 0.3015625 0.39375 0.1859375 0.16640625
3 0.23984375 0.21484375 0.23046875 0.39140625
0 0.6953125 0.3796875 0.06796875 0.0765625
0 0.6671875 0.521875 0.05 0.1359375
3 0.5328125 0.83671875 0.14609375 0.325
0 0.77890625 0.790625 0.08515625 0.16875
0 0.8265625 0.5421875 0.3453125 0.284375
0 0.6703125 0.6921875 0.06484375 0.12578125