0 0.10234375 0.16796875 0.2046875 0.3359375
0 0.25234375 0.81953125 0.0734375 0.21640625
0 0.4734375 0.534375 0.065625 0.20546875
0 0.09921875 0.65859375 0.08984375 0.19609375
0 0.115625 0.85546875 0.13828125 0.153125
0 0.4765625 0.47109375 0.0703125 0.11015625
0 0.2171875 0.2828125 0.078125 0.1546875
0 0.39921875 0.30625 0.13359375 0.19765625
0 0.39140625 0.78203125 0.1078125 0.2140625
0 0.96171875 0.784375 0.075 0.26171875
3 0.71171875 0.66171875 0.34296875 0.571875
2 0.6421875 0.52109375 0.09296875 0.1390625