0 0.1109375 0.79453125 0.128125 0.40390625
3 0.68984375 0.77265625 0.10625 0.25390625
0 0.8234375 0.71953125 0.0765625 0.1328125
0 0.37734375 0.85390625 0.07109375 0.20078125
3 0.9296875 0.7140625 0.1046875 0.20625
3 0.03125 0.14609375 0.0625 0.29140625
0 0.05546875 0.32421875 0.11015625 0.18046875
3 0.4609375 0.1859375 0.23828125 0.371875
3 0.25859375 0.25390625 0.2328125 0.5078125
3 0.74609375 0.11015625 0.025 0.07578125
3 0.646875 0.1328125 0.165625 0.265625
3 0.06484375 0.48671875 0.1296875 0.3734375
3 0.1515625 0.35234375 0.1953125 0.31015625
0 0.72890625 0.45859375 0.23515625 0.20078125
3 0.4546875 0.95390625 0.0640625 0.090625
0 0.5890625 0.4265625 0.10625 0.15859375