0 0.175 0.5046875 0.134375 0.35546875
0 0.94453125 0.721875 0.09921875 0.08046875
3 0.9640625 0.48046875 0.06875 0.0890625
3 0.69296875 0.115625 0.12109375 0.23125
3 0.9234375 0.3453125 0.15234375 0.228125
3 0.765625 0.03359375 0.05703125 0.06640625
0 0.3578125 0.596875 0.18671875 0.2609375
0 0.40703125 0.75078125 0.3703125 0.496875
0 0.43046875 0.96796875 0.09296875 0.06328125
0 0.325 0.8578125 0.103125 0.20703125
3 0.0984375 0.28203125 0.19609375 0.19609375
3 0.8953125 0.56640625 0.20625 0.3046875
0 0.6484375 0.55 0.3140625 0.484375
0 0.803125 0.45625 0.1953125 0.10859375