0 0.91875 0.59296875 0.07421875 0.1828125
0 0.96171875 0.64921875 0.07578125 0.26875
2 0.2046875 0.26640625 0.2015625 0.3171875
0 0.26484375 0.9015625 0.1015625 0.19453125
0 0.034375 0.83359375 0.06875 0.0984375
0 0.04296875 0.11171875 0.08515625 0.18125
0 0.1203125 0.90546875 0.240625 0.1859375
3 0.85078125 0.69375 0.1453125 0.30859375
3 0.66875 0.58046875 0.26484375 0.83828125
0 0.8671875 0.31640625 0.0828125 0.246875
0 0.42578125 0.34765625 0.075 0.171875
0 0.921875 0.2296875 0.04921875 0.09375
0 0.853125 0.48984375 0.17421875 0.15703125