2 0.5484375 0.26015625 0.11640625 0.228125
3 0.40546875 0.36171875 0.2203125 0.4390625
0 0.22890625 0.1296875 0.21171875 0.25859375
0 0.153125 0.8140625 0.2109375 0.3703125
0 0.02890625 0.8296875 0.0578125 0.328125
0 0.4984375 0.5890625 0.08828125 0.109375
3 0.0625 0.6671875 0.06015625 0.23828125
0 0.07421875 0.33125 0.1484375 0.278125
0 0.6328125 0.90625 0.20390625 0.18515625
0 0.9359375 0.434375 0.12734375 0.315625
0 0.95546875 0.64296875 0.08828125 0.2109375
0 0.559375 0.7328125 0.06875 0.1453125