0 0.86953125 0.6109375 0.0390625 0.11640625
0 0.77421875 0.50859375 0.1625 0.09140625
3 0.6375 0.33515625 0.35625 0.44375
3 0.44140625 0.4078125 0.25703125 0.603125
0 0.39296875 0.5265625 0.1625 0.2640625
0 0.45234375 0.78984375 0.171875 0.221875
0 0.06015625 0.38203125 0.1203125 0.53359375
0 0.86484375 0.12109375 0.06875 0.13046875
3 0.9859375 0.8703125 0.02734375 0.190625
0 0.85234375 0.25078125 0.1875 0.2078125
0 0.796875 0.1953125 0.1046875 0.14921875
0 0.2421875 0.40390625 0.11484375 0.17109375
3 0.91875 0.64453125 0.103125 0.1015625