0 0.73203125 0.5703125 0.01875 0.1109375
3 0.75703125 0.6015625 0.12890625 0.3296875
0 0.390625 0.70625 0.15625 0.2328125
3 0.34453125 0.84609375 0.25390625 0.275
0 0.12890625 0.865625 0.0796875 0.1328125
3 0.05078125 0.2796875 0.1015625 0.45
3 0.84921875 0.7265625 0.09765625 0.215625
3 0.3078125 0.13828125 0.12421875 0.16875
0 0.1390625 0.134375 0.278125 0.26875
0 0.48046875 0.84765625 0.06796875 0.1
0 0.48203125 0.4859375 0.0359375 0.06328125
0 0.6984375 0.76796875 0.046875 0.1703125
0 0.86796875 0.56328125 0.16015625 0.1625