0 0.64453125 0.4484375 0.071875 0.13359375
3 0.94140625 0.16328125 0.11640625 0.32578125
0 0.4765625 0.396875 0.17421875 0.1984375
3 0.53515625 0.21328125 0.3109375 0.4265625
0 0.67890625 0.24296875 0.1109375 0.1984375
0 0.95078125 0.67890625 0.096875 0.23671875
0 0.93359375 0.490625 0.13125 0.371875
2 0.06484375 0.7875 0.1296875 0.3171875
3 0.3796875 0.63125 0.12109375 0.38671875
3 0.209375 0.06015625 0.30625 0.1203125
0 0.34296875 0.91171875 0.19296875 0.175
0 0.1375 0.3125 0.275 0.34921875
3 0.79296875 0.3609375 0.22734375 0.721875