0 0.9 0.903125 0.18046875 0.19296875
0 0.7609375 0.53671875 0.0328125 0.0625
0 0.83359375 0.53515625 0.08984375 0.1390625
3 0.72734375 0.46484375 0.12109375 0.20546875
1 0.78359375 0.56484375 0.04765625 0.1140625
0 0.975 0.85390625 0.04921875 0.15625
0 0.89609375 0.6515625 0.19140625 0.3328125
0 0.0484375 0.8921875 0.096875 0.18203125
0 0.06640625 0.63671875 0.13203125 0.3625
0 0.37265625 0.94453125 0.27578125 0.109375
0 0.1859375 0.17109375 0.253125 0.3421875
0 0.34375 0.290625 0.13828125 0.21953125