0 0.34765625 0.68203125 0.065625 0.065625
3 0.04375 0.38125 0.0875 0.24453125
3 0.53984375 0.03984375 0.0828125 0.0796875
0 0.83203125 0.79921875 0.334375 0.4
3 0.953125 0.43203125 0.0921875 0.16484375
3 0.93828125 0.2296875 0.12265625 0.34609375
0 0.4375 0.6734375 0.125 0.21796875
0 0.51484375 0.9109375 0.07734375 0.1765625
0 0.6859375 0.45234375 0.19375 0.31171875
0 0.0328125 0.2234375 0.065625 0.11328125
0 0.45703125 0.02734375 0.12109375 0.05390625
0 0.32578125 0.39140625 0.08515625 0.27109375
2 0.221875 0.60390625 0.115625 0.1546875
0 0.10546875 0.66796875 0.2109375 0.40703125
0 0.01171875 0.73984375 0.0234375 0.1875
0 0.0625 0.5515625 0.125 0.56484375