0 0.92890625 0.35234375 0.140625 0.14921875
3 0.7609375 0.13984375 0.090625 0.16171875
0 0.21796875 0.21953125 0.03125 0.11796875
0 0.20859375 0.1125 0.14453125 0.22421875
2 0.72890625 0.4828125 0.178125 0.21953125
3 0.16796875 0.309375 0.3359375 0.61875
0 0.3890625 0.26796875 0.22578125 0.53515625
3 0.1140625 0.628125 0.228125 0.37265625
0 0.221875 0.56171875 0.1703125 0.278125
0 0.0328125 0.77421875 0.065625 0.17109375
0 0.39921875 0.56640625 0.22265625 0.16875
0 0.54453125 0.7109375 0.303125 0.57578125