0 0.971875 0.9625 0.05546875 0.0734375
3 0.9203125 0.71953125 0.15859375 0.490625
0 0.6703125 0.90234375 0.1546875 0.19375
0 0.03125 0.60390625 0.06171875 0.13828125
0 0.396875 0.14375 0.08515625 0.1296875
0 0.19140625 0.7828125 0.14296875 0.0921875
0 0.41484375 0.48984375 0.14296875 0.36875
0 0.4421875 0.23203125 0.05625 0.1328125
3 0.54921875 0.09921875 0.378125 0.1984375
0 0.91640625 0.15703125 0.146875 0.30625
0 0.84609375 0.3171875 0.146875 0.2125
3 0.94453125 0.45625 0.07421875 0.08125
0 0.95390625 0.384375 0.090625 0.19609375
3 0.746875 0.5890625 0.17109375 0.28515625