0 0.04453125 0.7734375 0.08828125 0.21953125
3 0.6859375 0.096875 0.125 0.19375
3 0.10078125 0.4203125 0.2015625 0.26875
0 0.72421875 0.709375 0.125 0.26328125
0 0.95546875 0.56796875 0.0875 0.16015625
0 0.56171875 0.6875 0.146875 0.27734375
0 0.571875 0.84921875 0.15078125 0.18359375
0 0.59609375 0.9296875 0.1578125 0.09140625
0 0.2046875 0.60703125 0.30390625 0.33515625
2 0.40546875 0.2609375 0.196875 0.340625
0 0.52421875 0.08984375 0.17265625 0.17890625
3 0.63515625 0.08203125 0.096875 0.1640625