0 0.04296875 0.8171875 0.0859375 0.153125
0 0.3078125 0.1203125 0.18203125 0.23984375
0 0.31328125 0.70390625 0.0765625 0.2734375
0 0.29453125 0.09375 0.06640625 0.1453125
0 0.64296875 0.853125 0.1859375 0.29296875
0 0.45390625 0.80390625 0.16328125 0.390625
3 0.68359375 0.15 0.19140625 0.3
0 0.83046875 0.85 0.046875 0.13203125
0 0.58046875 0.075 0.134375 0.15
3 0.428125 0.034375 0.18828125 0.06875
0 0.11484375 0.6484375 0.11015625 0.3609375
0 0.78984375 0.19140625 0.08125 0.31875
0 0.8125 0.55625 0.23203125 0.41171875
0 0.39375 0.0953125 0.1109375 0.090625