0 0.87734375 0.19375 0.2421875 0.3875
0 0.7765625 0.921875 0.28671875 0.1546875
0 0.578125 0.8796875 0.14765625 0.14921875
1 0.44921875 0.4765625 0.06953125 0.08984375
0 0.0109375 0.69453125 0.021875 0.0890625
0 0.01875 0.553125 0.03671875 0.11953125
0 0.0078125 0.4375 0.01484375 0.078125
3 0.059375 0.30078125 0.11875 0.1109375
0 0.78046875 0.69375 0.31796875 0.3625
0 0.490625 0.425 0.1140625 0.2875
0 0.3546875 0.334375 0.23984375 0.46796875
0 0.290625 0.17109375 0.12734375 0.19765625
0 0.1953125 0.8296875 0.390625 0.3375