3 0.12890625 0.37109375 0.2578125 0.45859375
0 0.590625 0.07734375 0.1875 0.1546875
0 0.91484375 0.18515625 0.1671875 0.3703125
3 0.86796875 0.68671875 0.09375 0.22421875
0 0.640625 0.49609375 0.2109375 0.25
0 0.69921875 0.68046875 0.1484375 0.2046875
0 0.840625 0.34140625 0.2 0.196875
0 0.58359375 0.85546875 0.025 0.06875
0 0.63984375 0.7765625 0.12109375 0.07890625
3 0.34765625 0.121875 0.1671875 0.24375
0 0.95703125 0.83828125 0.084375 0.3
0 0.8203125 0.90625 0.09921875 0.1859375
0 0.03046875 0.43515625 0.0609375 0.1921875