0 0.1875 0.73046875 0.07109375 0.10859375
0 0.57265625 0.58515625 0.0625 0.1375
0 0.08671875 0.1765625 0.17265625 0.34453125
0 0.77734375 0.78984375 0.1625 0.2734375
0 0.91796875 0.74453125 0.16328125 0.26171875
0 0.96953125 0.07734375 0.0578125 0.1546875
0 0.18203125 0.871875 0.13203125 0.25390625
0 0.61875 0.4 0.1734375 0.3421875
3 0.70546875 0.321875 0.2546875 0.4453125
2 0.6890625 0.4828125 0.14765625 0.25625
3 0.11484375 0.28515625 0.178125 0.21875
0 0.465625 0.36640625 0.1640625 0.31953125
0 0.8 0.6359375 0.39921875 0.7265625
0 0.43046875 0.09921875 0.06328125 0.1265625