0 0.1703125 0.765625 0.30546875 0.46640625
3 0.40234375 0.85078125 0.25390625 0.29609375
0 0.14375 0.50625 0.215625 0.47421875
3 0.89765625 0.11015625 0.11171875 0.13359375
0 0.1203125 0.646875 0.0875 0.125
3 0.38359375 0.66875 0.15078125 0.1453125
0 0.31328125 0.41328125 0.10859375 0.30390625
0 0.76875 0.16015625 0.12578125 0.18515625
3 0.77265625 0.0515625 0.203125 0.103125
3 0.8828125 0.30390625 0.2328125 0.315625
3 0.66171875 0.53515625 0.17421875 0.2328125
0 0.3734375 0.3484375 0.3171875 0.3625
3 0.25390625 0.375 0.13046875 0.31640625
0 0.0625 0.7125 0.103125 0.11640625