0 0.61015625 0.103125 0.28046875 0.20546875
3 0.85859375 0.509375 0.234375 0.396875
2 0.6734375 0.19296875 0.11328125 0.15390625
0 0.78515625 0.73671875 0.121875 0.309375
0 0.3921875 0.68984375 0.08203125 0.11171875
3 0.634375 0.48828125 0.10078125 0.2625
0 0.56953125 0.553125 0.18828125 0.28203125
0 0.83125 0.8484375 0.115625 0.3
0 0.8234375 0.63515625 0.02421875 0.03125
0 0.7234375 0.56171875 0.0890625 0.296875
0 0.64765625 0.409375 0.09765625 0.228125
0 0.60234375 0.41171875 0.01953125 0.03984375
0 0.009375 0.9640625 0.01875 0.0703125