0 0.1421875 0.2828125 0.06484375 0.09375
0 0.409375 0.74921875 0.1515625 0.3390625
0 0.36953125 0.26640625 0.1015625 0.184375
0 0.39765625 0.51640625 0.07578125 0.10078125
3 0.46015625 0.6 0.07265625 0.08828125
3 0.896875 0.14140625 0.203125 0.2828125
0 0.9453125 0.4140625 0.10859375 0.13984375
3 0.91796875 0.68046875 0.16328125 0.3203125
0 0.56640625 0.5765625 0.2375 0.22734375
3 0.628125 0.38671875 0.2421875 0.26796875
0 0.4140625 0.95859375 0.09609375 0.08046875
0 0.10546875 0.6515625 0.2109375 0.565625
3 0.25 0.58828125 0.2171875 0.82109375