0 0.078125 0.5828125 0.15546875 0.2046875
0 0.59921875 0.821875 0.07265625 0.234375
0 0.04609375 0.36640625 0.0921875 0.1609375
3 0.275 0.625 0.1890625 0.37265625
0 0.8875 0.50390625 0.09609375 0.2578125
0 0.5609375 0.36875 0.096875 0.31484375
0 0.49921875 0.26328125 0.02734375 0.03125
0 0.53828125 0.1765625 0.084375 0.11015625
0 0.73359375 0.18203125 0.23359375 0.20234375
0 0.9640625 0.53046875 0.07109375 0.3890625
0 0.49375 0.42890625 0.053125 0.14140625
0 0.83203125 0.84375 0.1453125 0.190625
0 0.95078125 0.80078125 0.096875 0.11875
3 0.31875 0.33515625 0.23125 0.33359375