0 0.6015625 0.6703125 0.1765625 0.60390625
0 0.87109375 0.5421875 0.046875 0.07421875
0 0.06015625 0.4859375 0.1203125 0.16796875
0 0.19453125 0.07109375 0.08046875 0.1421875
0 0.18671875 0.21015625 0.20390625 0.21640625
3 0.21328125 0.92578125 0.10390625 0.128125
0 0.40234375 0.809375 0.0296875 0.1140625
0 0.48125 0.89140625 0.1421875 0.21015625
3 0.46875 0.66484375 0.1453125 0.1140625
0 0.41015625 0.4734375 0.22734375 0.41875
0 0.3234375 0.57578125 0.06171875 0.146875
0 0.9609375 0.5796875 0.0765625 0.171875
0 0.95625 0.9015625 0.08671875 0.19453125
3 0.01796875 0.93203125 0.0359375 0.13359375
0 0.11328125 0.14453125 0.1109375 0.16328125
0 0.0296875 0.35078125 0.059375 0.10234375