0 0.58828125 0.75078125 0.0671875 0.053125
0 0.58046875 0.5953125 0.0984375 0.20078125
0 0.12421875 0.97578125 0.05078125 0.04609375
3 0.50234375 0.690625 0.2546875 0.359375
0 0.16875 0.68671875 0.0796875 0.10625
0 0.88046875 0.93203125 0.059375 0.11328125
0 0.95078125 0.86015625 0.04140625 0.06796875
0 0.821875 0.778125 0.20078125 0.44296875
3 0.4015625 0.13359375 0.02734375 0.096875
0 0.40234375 0.253125 0.0703125 0.11484375
0 0.40859375 0.38984375 0.15859375 0.23046875
0 0.28828125 0.43984375 0.1625 0.3921875
3 0.5125 0.27421875 0.165625 0.14296875
0 0.3265625 0.82421875 0.29296875 0.35
3 0.665625 0.69453125 0.16796875 0.609375
3 0.32890625 0.32109375 0.0953125 0.078125
3 0.2015625 0.5140625 0.05625 0.1125