0 0.54765625 0.76875 0.128125 0.1484375
3 0.61875 0.31015625 0.38125 0.5140625
3 0.43828125 0.65703125 0.1203125 0.26796875
0 0.17421875 0.7765625 0.3484375 0.42421875
0 0.06953125 0.459375 0.1390625 0.334375
1 0.5390625 0.62578125 0.10703125 0.15859375
3 0.3671875 0.75 0.06015625 0.3421875
3 0.89453125 0.26328125 0.209375 0.52578125
0 0.37734375 0.27265625 0.1671875 0.415625
0 0.9046875 0.5390625 0.1875 0.303125
0 0.98515625 0.4421875 0.028125 0.13828125
0 0.91796875 0.6921875 0.1609375 0.271875