0 0.67578125 0.10625 0.2796875 0.2125
3 0.90859375 0.51328125 0.18125 0.39609375
2 0.73671875 0.19765625 0.10625 0.15703125
0 0.86328125 0.7375 0.11953125 0.2984375
0 0.4734375 0.7 0.08125 0.12265625
3 0.71015625 0.49140625 0.1015625 0.25859375
0 0.6453125 0.55234375 0.18671875 0.2703125
0 0.9046875 0.8515625 0.103125 0.2953125
0 0.8984375 0.63515625 0.02265625 0.0265625
0 0.8015625 0.565625 0.08828125 0.2921875
0 0.71484375 0.41640625 0.10625 0.2328125
0 0.67109375 0.41484375 0.02265625 0.04453125
0 0.08203125 0.96171875 0.04609375 0.075