2 0.7421875 0.26171875 0.15 0.28828125
0 0.67734375 0.784375 0.1125 0.33046875
0 0.61015625 0.96171875 0.03359375 0.040625
0 0.7640625 0.52421875 0.16796875 0.24921875
0 0.82421875 0.5015625 0.0796875 0.17109375
0 0.53828125 0.94296875 0.0625 0.11328125
0 0.225 0.759375 0.04296875 0.04609375
0 0.54765625 0.6890625 0.09609375 0.0671875
0 0.3703125 0.971875 0.065625 0.05390625
0 0.284375 0.696875 0.02578125 0.0375
0 0.34140625 0.65703125 0.05625 0.06953125
0 0.18046875 0.6546875 0.0515625 0.1609375