0 0.68671875 0.91640625 0.0984375 0.10859375
2 0.72265625 0.7734375 0.16484375 0.221875
0 0.796875 0.13671875 0.2171875 0.27265625
0 0.82421875 0.48671875 0.14609375 0.2421875
0 0.03828125 0.775 0.0765625 0.1640625
0 0.83828125 0.34609375 0.07734375 0.17890625
0 0.06640625 0.56484375 0.1328125 0.2234375
0 0.4375 0.66953125 0.0390625 0.15234375
0 0.97578125 0.559375 0.04765625 0.08984375
0 0.37734375 0.80625 0.0484375 0.103125
0 0.825 0.8640625 0.2265625 0.26953125
0 0.73828125 0.5703125 0.13984375 0.24140625