3 0.1171875 0.53671875 0.234375 0.284375
0 0.5265625 0.67421875 0.321875 0.30546875
0 0.378125 0.78203125 0.1765625 0.32109375
0 0.896875 0.6546875 0.203125 0.171875
0 0.27734375 0.725 0.03359375 0.0484375
0 0.6953125 0.80703125 0.0734375 0.1546875
0 0.89609375 0.37734375 0.11171875 0.16953125
0 0.84453125 0.73125 0.31015625 0.23203125
2 0.534375 0.45 0.15625 0.43671875
3 0.375 0.16328125 0.41015625 0.32578125
0 0.19296875 0.8109375 0.253125 0.37578125
0 0.29140625 0.47109375 0.12109375 0.2578125
3 0.92734375 0.48359375 0.14453125 0.32109375
0 0.6953125 0.39765625 0.16796875 0.30078125