0 0.1109375 0.2875 0.22109375 0.24140625
0 0.8640625 0.9703125 0.11484375 0.05703125
0 0.20234375 0.8390625 0.1 0.18359375
0 0.928125 0.6125 0.14296875 0.496875
0 0.69921875 0.67109375 0.15 0.253125
0 0.08984375 0.60625 0.1609375 0.15625
2 0.546875 0.0859375 0.1203125 0.171875
0 0.56875 0.86015625 0.17421875 0.24453125
0 0.3015625 0.22265625 0.09609375 0.35703125
3 0.77421875 0.2 0.359375 0.4
0 0.41875 0.0109375 0.046875 0.021875
3 0.34921875 0.60546875 0.15 0.334375
0 0.0671875 0.14375 0.134375 0.121875
0 0.078125 0.3984375 0.15625 0.2875
0 0.61875 0.5828125 0.21875 0.27578125
0 0.9703125 0.30078125 0.0578125 0.265625