0 0.2546875 0.60703125 0.20390625 0.44453125
3 0.52109375 0.40625 0.14453125 0.1140625
0 0.97578125 0.17578125 0.04765625 0.13984375
0 0.965625 0.61328125 0.06796875 0.33046875
0 0.88515625 0.9609375 0.228125 0.0765625
0 0.88359375 0.41953125 0.11484375 0.23203125
1 0.84140625 0.2328125 0.0890625 0.11328125
3 0.75078125 0.22109375 0.0625 0.3015625
0 0.65546875 0.353125 0.1140625 0.17890625
3 0.6359375 0.57890625 0.225 0.37265625
0 0.27890625 0.74921875 0.02421875 0.078125
0 0.02421875 0.58828125 0.0484375 0.08046875
3 0.02265625 0.06484375 0.0453125 0.1296875
3 0.94375 0.31796875 0.11171875 0.48046875
3 0.51015625 0.54921875 0.084375 0.165625