0 0.36484375 0.66015625 0.209375 0.41171875
0 0.59296875 0.59765625 0.12734375 0.1625
0 0.9640625 0.85078125 0.06875 0.1921875
0 0.84609375 0.39140625 0.06640625 0.07890625
0 0.9125 0.74609375 0.09296875 0.10234375
0 0.9765625 0.13984375 0.04609375 0.0375
0 0.74140625 0.2609375 0.22734375 0.34375
3 0.05234375 0.68359375 0.075 0.115625
3 0.08671875 0.83828125 0.17265625 0.32109375
0 0.6125 0.66953125 0.12734375 0.18828125
3 0.3203125 0.7234375 0.30234375 0.38203125
3 0.87890625 0.321875 0.09375 0.21640625
0 0.14921875 0.55703125 0.21328125 0.2640625