3 0.92578125 0.11328125 0.146875 0.22578125
0 0.246875 0.90625 0.14609375 0.1796875
0 0.3609375 0.38671875 0.06328125 0.15703125
0 0.36171875 0.32421875 0.246875 0.228125
0 0.56328125 0.82109375 0.10546875 0.221875
0 0.61640625 0.51484375 0.09375 0.1734375
0 0.8453125 0.0796875 0.1296875 0.159375
0 0.95 0.21328125 0.04453125 0.04140625
0 0.928125 0.4859375 0.13203125 0.18515625
0 0.9265625 0.97265625 0.10390625 0.053125
0 0.76171875 0.8390625 0.15234375 0.3203125
0 0.6546875 0.95 0.0390625 0.0984375
0 0.6078125 0.1046875 0.25625 0.209375