0 0.7578125 0.5140625 0.03828125 0.1328125
1 0.35703125 0.40390625 0.15546875 0.20390625
0 0.5796875 0.4875 0.13046875 0.3609375
0 0.659375 0.23203125 0.09140625 0.05546875
2 0.60390625 0.253125 0.13046875 0.24453125
0 0.053125 0.2703125 0.10625 0.34765625
0 0.12265625 0.378125 0.0578125 0.140625
0 0.78203125 0.1109375 0.09296875 0.2078125
3 0.83125 0.45859375 0.22109375 0.2046875
0 0.40859375 0.8984375 0.15078125 0.20078125
0 0.98046875 0.209375 0.0375 0.13359375
0 0.9890625 0.315625 0.02109375 0.02890625
0 0.871875 0.65625 0.22734375 0.3109375