3 0.02265625 0.934375 0.0453125 0.103125
0 0.86640625 0.54453125 0.12890625 0.3359375
0 0.765625 0.4171875 0.084375 0.17734375
0 0.953125 0.8015625 0.0921875 0.209375
0 0.96171875 0.590625 0.07578125 0.19140625
0 0.9 0.50078125 0.05546875 0.0734375
3 0.9265625 0.42890625 0.14609375 0.24453125
0 0.29453125 0.4984375 0.01875 0.06015625
0 0.33671875 0.5875 0.12890625 0.12890625
0 0.26015625 0.64375 0.06484375 0.09765625
0 0.225 0.921875 0.2515625 0.1546875
0 0.1125 0.590625 0.225 0.4125
0 0.428125 0.70390625 0.0875 0.1546875
0 0.8265625 0.80234375 0.06796875 0.19453125
0 0.43671875 0.596875 0.07578125 0.13359375
0 0.61953125 0.82734375 0.03984375 0.05625
0 0.62109375 0.75546875 0.02265625 0.0578125