3 0.10078125 0.33984375 0.2015625 0.3625
0 0.02578125 0.62109375 0.0515625 0.2078125
0 0.24375 0.47890625 0.353125 0.36953125
0 0.6125 0.1765625 0.2 0.353125
3 0.284375 0.6390625 0.25703125 0.20546875
3 0.33984375 0.31015625 0.11171875 0.13671875
3 0.253125 0.33671875 0.08203125 0.09296875
0 0.9859375 0.30859375 0.02734375 0.1640625
3 0.4390625 0.940625 0.19609375 0.11796875
3 0.62890625 0.6546875 0.08828125 0.22734375
3 0.31484375 0.7328125 0.19140625 0.115625
2 0.0515625 0.12890625 0.10234375 0.18046875