3 0.6890625 0.05703125 0.13125 0.1140625
3 0.89375 0.19453125 0.21171875 0.3890625
3 0.07578125 0.83828125 0.1515625 0.3203125
0 0.03671875 0.6515625 0.0734375 0.228125
0 0.375 0.84921875 0.28203125 0.3
0 0.45078125 0.559375 0.23828125 0.53359375
0 0.40546875 0.28515625 0.0765625 0.10234375
0 0.5875 0.2453125 0.18671875 0.38671875
0 0.68125 0.31875 0.09375 0.2265625
0 0.61953125 0.75859375 0.13671875 0.41015625
3 0.8234375 0.5859375 0.11875 0.359375
0 0.675 0.59765625 0.20859375 0.36171875
0 0.9921875 0.90703125 0.01484375 0.115625
0 0.77421875 0.35546875 0.09921875 0.15625
0 0.85078125 0.65078125 0.05234375 0.13984375