0 0.9578125 0.140625 0.08359375 0.26015625
3 0.2015625 0.175 0.28046875 0.35
0 0.02265625 0.2421875 0.0453125 0.146875
0 0.084375 0.31171875 0.10546875 0.1578125
3 0.1078125 0.553125 0.14765625 0.36875
3 0.1140625 0.62421875 0.10078125 0.15234375
0 0.028125 0.57109375 0.05625 0.33359375
3 0.91484375 0.36484375 0.16875 0.30390625
3 0.55078125 0.5609375 0.2296875 0.5296875
0 0.340625 0.87890625 0.15625 0.1421875
3 0.53828125 0.76015625 0.05078125 0.128125
0 0.56640625 0.834375 0.13984375 0.19609375
0 0.74921875 0.53203125 0.196875 0.3375
0 0.915625 0.5453125 0.16796875 0.2984375