3 0.71484375 0.3046875 0.275 0.60078125
3 0.95625 0.88203125 0.084375 0.1234375
3 0.94296875 0.04765625 0.11328125 0.0953125
0 0.68046875 0.24296875 0.134375 0.11953125
0 0.54375 0.75859375 0.23671875 0.39375
0 0.8640625 0.77578125 0.27109375 0.3859375
0 0.68671875 0.70234375 0.09765625 0.21796875
0 0.71875 0.46484375 0.06015625 0.07890625
0 0.6421875 0.4140625 0.04609375 0.05390625
0 0.79375 0.26171875 0.06796875 0.09921875
3 0.9140625 0.321875 0.17109375 0.38046875
0 0.10078125 0.209375 0.2015625 0.2828125
3 0.33125 0.38515625 0.178125 0.19765625
0 0.3203125 0.14140625 0.2125 0.2828125