0 0.125 0.528125 0.10859375 0.16015625
0 0.0296875 0.96796875 0.05859375 0.06171875
0 0.184375 0.7265625 0.27734375 0.31171875
0 0.50234375 0.3765625 0.15859375 0.271875
0 0.55234375 0.85 0.17890625 0.2984375
0 0.8203125 0.58359375 0.16640625 0.29296875
0 0.75703125 0.82265625 0.028125 0.07265625
0 0.03515625 0.8328125 0.0703125 0.25234375
0 0.70078125 0.0953125 0.103125 0.1484375
0 0.4015625 0.72109375 0.184375 0.146875
0 0.6953125 0.953125 0.06171875 0.09140625
0 0.02421875 0.44609375 0.04765625 0.15