3 0.44140625 0.671875 0.16953125 0.27890625
0 0.49765625 0.63125 0.22265625 0.34921875
0 0.55234375 0.384375 0.21171875 0.15859375
0 0.6046875 0.16015625 0.1 0.3203125
0 0.70859375 0.0171875 0.025 0.03359375
0 0.94296875 0.78203125 0.11328125 0.2296875
0 0.75390625 0.0390625 0.0421875 0.07265625
3 0.66953125 0.49296875 0.42578125 0.5375
0 0.41953125 0.3734375 0.1015625 0.21171875
0 0.3265625 0.30234375 0.190625 0.38671875
0 0.07890625 0.34765625 0.15703125 0.26640625
0 0.20546875 0.846875 0.26484375 0.3046875
0 0.371875 0.76796875 0.2546875 0.46171875
0 0.865625 0.2625 0.08359375 0.15