0 0.80078125 0.64921875 0.31484375 0.50703125
3 0.9421875 0.6265625 0.11484375 0.378125
0 0.1 0.5828125 0.2 0.378125
0 0.16875 0.26640625 0.23984375 0.21953125
0 0.36484375 0.328125 0.16328125 0.334375
1 0.78125 0.353125 0.10703125 0.14296875
0 0.04609375 0.43984375 0.09140625 0.153125
3 0.903125 0.21796875 0.14609375 0.37421875
0 0.9359375 0.3703125 0.04140625 0.159375
3 0.95703125 0.1484375 0.08515625 0.29609375
0 0.9546875 0.86640625 0.08984375 0.13671875
1 0.22734375 0.4609375 0.121875 0.209375