0 0.97109375 0.6765625 0.0546875 0.253125
2 0.5484375 0.61875 0.3140625 0.571875
0 0.74375 0.490625 0.08046875 0.2234375
0 0.35078125 0.6828125 0.2203125 0.3234375
0 0.03671875 0.95625 0.07265625 0.0859375
3 0.4546875 0.21171875 0.04453125 0.0921875
3 0.45625 0.1078125 0.06875 0.04296875
0 0.49140625 0.18515625 0.09375 0.15078125
0 0.06640625 0.12421875 0.1328125 0.2484375
0 0.03828125 0.2953125 0.0765625 0.28359375
3 0.11640625 0.434375 0.05390625 0.1296875
3 0.26328125 0.26328125 0.15546875 0.18359375
0 0.20390625 0.7015625 0.309375 0.59453125