0 0.91640625 0.82890625 0.16640625 0.340625
0 0.8625 0.9734375 0.0796875 0.0515625
0 0.82578125 0.6859375 0.0859375 0.19453125
0 0.83671875 0.34609375 0.08125 0.040625
2 0.42265625 0.3078125 0.09296875 0.17265625
0 0.7125 0.41953125 0.1484375 0.16015625
0 0.73203125 0.2359375 0.37109375 0.30546875
0 0.4890625 0.4609375 0.121875 0.15078125
0 0.41640625 0.8125 0.2375 0.3734375
0 0.23515625 0.79765625 0.20703125 0.3671875
0 0.384375 0.596875 0.1640625 0.32578125
3 0.7265625 0.6046875 0.19453125 0.240625