0 0.2796875 0.31484375 0.16171875 0.15859375
0 0.37421875 0.0625 0.1453125 0.125
0 0.13984375 0.58046875 0.27890625 0.3859375
0 0.64765625 0.3640625 0.1375 0.1609375
0 0.35 0.71640625 0.234375 0.46328125
2 0.81640625 0.4765625 0.1015625 0.1625
0 0.5453125 0.27734375 0.1046875 0.259375
2 0.79375 0.34453125 0.15859375 0.21796875
0 0.86171875 0.03046875 0.075 0.0609375
3 0.38359375 0.17265625 0.28125 0.1484375
0 0.640625 0.55234375 0.14296875 0.13359375
0 0.64140625 0.4546875 0.19921875 0.16953125
3 0.53125 0.7453125 0.215625 0.428125
0 0.4859375 0.2921875 0.11796875 0.29609375
2 0.66328125 0.05546875 0.1671875 0.1109375