0 0.0484375 0.61171875 0.096875 0.1921875
0 0.809375 0.94609375 0.20859375 0.10546875
0 0.8 0.803125 0.121875 0.21015625
0 0.83828125 0.553125 0.32265625 0.359375
0 0.09375 0.746875 0.04765625 0.04609375
0 0.965625 0.7046875 0.065625 0.1875
3 0.340625 0.7640625 0.1046875 0.1625
0 0.28671875 0.6953125 0.09375 0.09765625
0 0.0625 0.765625 0.125 0.165625
0 0.5765625 0.48984375 0.09375 0.13515625
0 0.06953125 0.446875 0.1390625 0.18359375
0 0.43203125 0.2796875 0.35625 0.28828125
0 0.60078125 0.69921875 0.12578125 0.14765625
3 0.67109375 0.8265625 0.15625 0.26640625
0 0.88046875 0.840625 0.23828125 0.2453125
0 0.15859375 0.9 0.3171875 0.196875