3 0.6046875 0.6515625 0.12578125 0.24140625
3 0.3609375 0.83359375 0.2015625 0.31953125
0 0.8453125 0.62265625 0.21171875 0.4140625
0 0.90859375 0.23984375 0.11015625 0.128125
0 0.52578125 0.04140625 0.16484375 0.08203125
3 0.59140625 0.36796875 0.1671875 0.075
2 0.49140625 0.26640625 0.14609375 0.20546875
3 0.23984375 0.35703125 0.4796875 0.3578125
0 0.47578125 0.421875 0.13515625 0.14609375
3 0.9328125 0.35859375 0.13359375 0.30859375
3 0.9 0.13671875 0.19921875 0.2734375
3 0.1609375 0.72421875 0.06953125 0.16796875