0 0.91171875 0.5609375 0.175 0.32890625
0 0.171875 0.3796875 0.34375 0.471875
0 0.38671875 0.9453125 0.05625 0.10703125
3 0.91796875 0.8421875 0.03046875 0.084375
3 0.97578125 0.7359375 0.04765625 0.10390625
0 0.95 0.86015625 0.09921875 0.278125
0 0.84765625 0.97734375 0.1109375 0.0421875
0 0.29296875 0.1171875 0.29765625 0.234375
0 0.11796875 0.81015625 0.203125 0.378125
0 0.2078125 0.225 0.0953125 0.07109375
0 0.475 0.7453125 0.14921875 0.165625
0 0.0984375 0.56328125 0.05546875 0.0328125
0 0.05390625 0.5765625 0.03515625 0.0375
2 0.79296875 0.3625 0.1 0.140625