1 0.56640625 0.6265625 0.09453125 0.10703125
0 0.953125 0.64921875 0.0921875 0.32578125
0 0.0171875 0.51875 0.034375 0.07109375
0 0.7953125 0.5734375 0.06171875 0.103125
0 0.1953125 0.665625 0.059375 0.11015625
0 0.69296875 0.77890625 0.2828125 0.3109375
0 0.434375 0.8859375 0.0796875 0.05078125
0 0.596875 0.509375 0.12265625 0.2078125
0 0.01171875 0.4265625 0.0234375 0.103125
3 0.16015625 0.71796875 0.3203125 0.38046875
0 0.13515625 0.9078125 0.2703125 0.18125
0 0.778125 0.2859375 0.13046875 0.2484375
3 0.1671875 0.03515625 0.05234375 0.06953125
0 0.309375 0.16875 0.3265625 0.33671875
3 0.4421875 0.4390625 0.2296875 0.2859375
3 0.5296875 0.13671875 0.39375 0.2734375
0 0.25625 0.540625 0.18984375 0.5265625
0 0.396875 0.61953125 0.1359375 0.240625