0 0.8515625 0.1921875 0.10546875 0.12734375
0 0.10859375 0.4265625 0.21640625 0.29921875
0 0.89609375 0.6109375 0.1984375 0.2453125
0 0.92421875 0.44375 0.1484375 0.190625
0 0.75 0.5796875 0.18046875 0.4125
0 0.4921875 0.39140625 0.23203125 0.2796875
0 0.30703125 0.6765625 0.14453125 0.49453125
0 0.4671875 0.80703125 0.19296875 0.38359375
0 0.09765625 0.8796875 0.175 0.2390625
3 0.24453125 0.66796875 0.13203125 0.2921875
3 0.9078125 0.6703125 0.0625 0.0703125
3 0.871875 0.5515625 0.05859375 0.09296875
0 0.49375 0.5765625 0.19296875 0.16796875