0 0.93359375 0.5171875 0.13203125 0.30625
2 0.95703125 0.23046875 0.0828125 0.1640625
3 0.8125 0.50625 0.1171875 0.23359375
0 0.78828125 0.50390625 0.23125 0.36015625
0 0.65703125 0.25078125 0.1765625 0.27578125
0 0.7625 0.81640625 0.03515625 0.07109375
3 0.24765625 0.81328125 0.2640625 0.371875
0 0.89140625 0.71328125 0.184375 0.221875
0 0.65625 0.6765625 0.1546875 0.3765625
3 0.0953125 0.5890625 0.18984375 0.40390625
0 0.15625 0.0734375 0.1125 0.14609375
0 0.24921875 0.07109375 0.0953125 0.1421875
0 0.9625 0.75859375 0.07421875 0.18046875