3 0.68984375 0.909375 0.0828125 0.178125
0 0.42578125 0.590625 0.06875 0.23125
0 0.4578125 0.59609375 0.10625 0.296875
0 0.75390625 0.74453125 0.09296875 0.09453125
0 0.87265625 0.54296875 0.09921875 0.22421875
0 0.971875 0.46171875 0.05546875 0.08046875
0 0.52421875 0.5140625 0.0625 0.1015625
0 0.52109375 0.634375 0.075 0.1796875
0 0.61953125 0.89765625 0.08828125 0.17265625
0 0.35625 0.9296875 0.1046875 0.08046875
0 0.17265625 0.66640625 0.05 0.07421875
3 0.26328125 0.75234375 0.0921875 0.253125
0 0.28359375 0.24609375 0.1171875 0.1265625
0 0.13515625 0.17109375 0.05859375 0.08125
3 0.36484375 0.2515625 0.4359375 0.44765625
3 0.17578125 0.4875 0.29765625 0.3609375
0 0.74296875 0.14296875 0.2296875 0.2859375