0 0.090625 0.13125 0.140625 0.11875
3 0.884375 0.3140625 0.23046875 0.303125
3 0.26640625 0.6078125 0.11796875 0.14375
3 0.3546875 0.8265625 0.20546875 0.28984375
3 0.240625 0.0984375 0.321875 0.196875
3 0.19296875 0.025 0.3859375 0.04921875
0 0.39140625 0.228125 0.16875 0.2828125
3 0.29921875 0.32421875 0.26328125 0.3421875
0 0.340625 0.5671875 0.35859375 0.29609375
0 0.88515625 0.7515625 0.22890625 0.4953125
3 0.82734375 0.50625 0.10078125 0.17890625
0 0.809375 0.8046875 0.15078125 0.3890625
0 0.64140625 0.18984375 0.1953125 0.26484375
3 0.89453125 0.0203125 0.09921875 0.03984375