0 0.56484375 0.3671875 0.1171875 0.1828125
0 0.54765625 0.58671875 0.1875 0.3421875
0 0.540625 0.790625 0.26015625 0.3875
0 0.1765625 0.25 0.0890625 0.08984375
0 0.0953125 0.74609375 0.18984375 0.50546875
3 0.03046875 0.403125 0.06015625 0.08046875
0 0.11796875 0.4734375 0.19375 0.23203125
3 0.85859375 0.15703125 0.1171875 0.296875
2 0.96875 0.19765625 0.06171875 0.1765625
0 0.73984375 0.14609375 0.15 0.06171875
0 0.925 0.6859375 0.1484375 0.275
0 0.90234375 0.79453125 0.16953125 0.403125
3 0.97265625 0.0375 0.0515625 0.075
0 0.3578125 0.89140625 0.2109375 0.21484375