0 0.59453125 0.49296875 0.1296875 0.09296875
0 0.75859375 0.8109375 0.44765625 0.3765625
0 0.63359375 0.56953125 0.1578125 0.0921875
0 0.6359375 0.2859375 0.25390625 0.25390625
0 0.47109375 0.42578125 0.24921875 0.26796875
3 0.80859375 0.30546875 0.121875 0.16796875
3 0.8078125 0.1265625 0.17109375 0.190625
0 0.290625 0.196875 0.0625 0.0875
3 0.415625 0.159375 0.346875 0.31796875
3 0.06953125 0.5765625 0.1390625 0.33671875
2 0.7140625 0.73515625 0.2109375 0.26015625
0 0.4015625 0.83828125 0.31953125 0.32109375