0 0.92578125 0.88046875 0.1453125 0.1890625
3 0.77421875 0.2625 0.17890625 0.2171875
0 0.96640625 0.375 0.06640625 0.12578125
0 0.7984375 0.44765625 0.18515625 0.24375
0 0.6671875 0.68203125 0.1953125 0.31015625
3 0.63828125 0.49140625 0.26875 0.56328125
0 0.6203125 0.25703125 0.0953125 0.11796875
0 0.55859375 0.5375 0.1125 0.40390625
0 0.45234375 0.4109375 0.090625 0.16328125
0 0.27265625 0.44609375 0.3421875 0.34375
3 0.06953125 0.25703125 0.1390625 0.4921875
0 0.33203125 0.29453125 0.196875 0.13828125
0 0.81484375 0.54140625 0.0296875 0.046875