0 0.0421875 0.58046875 0.084375 0.28828125
0 0.07890625 0.51328125 0.13046875 0.1640625
0 0.03984375 0.54296875 0.04609375 0.04921875
0 0.59296875 0.18828125 0.0734375 0.05546875
0 0.40078125 0.63046875 0.1234375 0.11328125
0 0.0453125 0.21171875 0.090625 0.22734375
0 0.82421875 0.6109375 0.30390625 0.35
0 0.990625 0.51796875 0.015625 0.1171875
0 0.92734375 0.309375 0.1421875 0.171875
0 0.9296875 0.1484375 0.13984375 0.2140625
0 0.5296875 0.5640625 0.25703125 0.37734375
0 0.07421875 0.0515625 0.1484375 0.103125
0 0.0203125 0.6859375 0.040625 0.125