0 0.66328125 0.29296875 0.04375 0.1234375
0 0.20234375 0.67734375 0.1890625 0.2984375
0 0.171875 0.85546875 0.1390625 0.06015625
0 0.2875 0.73984375 0.10234375 0.32578125
0 0.3890625 0.76875 0.128125 0.3265625
0 0.24609375 0.3578125 0.071875 0.05234375
0 0.1515625 0.4078125 0.0921875 0.05703125
0 0.15390625 0.69375 0.3078125 0.446875
0 0.703125 0.1734375 0.0578125 0.17109375
0 0.83203125 0.04921875 0.01875 0.02265625
0 0.9671875 0.17109375 0.0625 0.2109375
0 0.60703125 0.5671875 0.09609375 0.115625
3 0.8984375 0.31171875 0.08515625 0.128125
3 0.94921875 0.109375 0.1 0.19921875