3 0.08828125 0.8671875 0.17578125 0.25078125
0 0.925 0.59921875 0.14921875 0.23828125
0 0.7 0.8015625 0.05390625 0.1265625
0 0.5265625 0.48203125 0.246875 0.50859375
0 0.53359375 0.89921875 0.08125 0.12265625
0 0.484375 0.903125 0.04375 0.18828125
0 0.3984375 0.86484375 0.16171875 0.26875
1 0.4515625 0.9609375 0.0375 0.0734375
0 0.14453125 0.5984375 0.0453125 0.01953125
3 0.14921875 0.5640625 0.0984375 0.07421875
0 0.059375 0.46875 0.11875 0.24375
0 0.16171875 0.36015625 0.32265625 0.478125
3 0.4 0.10859375 0.0265625 0.05546875
3 0.13203125 0.0875 0.115625 0.15390625
3 0.2890625 0.215625 0.0984375 0.18828125
0 0.88984375 0.471875 0.1015625 0.40390625