3 0.0578125 0.16171875 0.115625 0.3234375
0 0.696875 0.62421875 0.05 0.10703125
0 0.70703125 0.80703125 0.12421875 0.16484375
3 0.92265625 0.1828125 0.15390625 0.1546875
0 0.6671875 0.74453125 0.20078125 0.19765625
0 0.9875 0.25234375 0.021875 0.0265625
3 0.81796875 0.065625 0.36328125 0.13125
0 0.88671875 0.20078125 0.1609375 0.10859375
0 0.50546875 0.3671875 0.21171875 0.2875
2 0.48046875 0.23828125 0.02578125 0.04609375
0 0.2578125 0.62265625 0.2421875 0.4203125
0 0.321875 0.6390625 0.0859375 0.22109375
2 0.38125 0.38515625 0.14765625 0.2578125