0 0.14375 0.53828125 0.11015625 0.175
0 0.63359375 0.4625 0.05390625 0.0953125
3 0.8921875 0.740625 0.21484375 0.36171875
0 0.96328125 0.428125 0.07265625 0.28359375
3 0.9859375 0.12265625 0.02734375 0.11171875
0 0.76953125 0.72890625 0.19140625 0.540625
2 0.6375 0.43359375 0.06796875 0.09453125
0 0.58984375 0.14140625 0.15546875 0.14375
3 0.5671875 0.21484375 0.1234375 0.2078125
0 0.415625 0.56796875 0.2046875 0.4046875
0 0.3578125 0.2125 0.21875 0.23515625
0 0.23515625 0.1421875 0.05859375 0.153125
0 0.0671875 0.684375 0.134375 0.2375