3 0.61640625 0.78671875 0.34609375 0.42421875
3 0.4625 0.66953125 0.1796875 0.3140625
0 0.06171875 0.53203125 0.1234375 0.26796875
3 0.02265625 0.38671875 0.0453125 0.1140625
0 0.20625 0.7421875 0.08203125 0.1078125
0 0.29453125 0.74765625 0.10625 0.1546875
0 0.16171875 0.4453125 0.259375 0.41015625
0 0.45390625 0.5109375 0.040625 0.11171875
3 0.5015625 0.58828125 0.13984375 0.51171875
0 0.73828125 0.40859375 0.315625 0.415625
3 0.27890625 0.91875 0.14296875 0.16015625
0 0.91953125 0.64140625 0.03984375 0.02421875
0 0.90234375 0.67578125 0.03671875 0.05546875