0 0.0453125 0.31484375 0.07421875 0.1234375
0 0.35859375 0.25859375 0.07734375 0.0703125
0 0.8421875 0.25546875 0.1375 0.096875
0 0.8140625 0.6703125 0.19453125 0.65703125
0 0.7015625 0.48046875 0.08359375 0.1609375
0 0.7078125 0.02578125 0.01796875 0.05078125
0 0.61015625 0.0953125 0.1578125 0.18984375
0 0.38515625 0.696875 0.090625 0.140625
0 0.35625 0.553125 0.09921875 0.19140625
0 0.2703125 0.546875 0.11328125 0.21640625
0 0.5046875 0.73046875 0.05078125 0.05078125
0 0.54609375 0.40703125 0.23203125 0.334375
2 0.4015625 0.378125 0.13671875 0.1921875
0 0.0578125 0.590625 0.11484375 0.37734375