0 0.8515625 0.54140625 0.2953125 0.3453125
0 0.7671875 0.76640625 0.1796875 0.19375
0 0.61875 0.58359375 0.1625 0.225
3 0.534375 0.4578125 0.15859375 0.26328125
0 0.653125 0.45 0.14453125 0.16328125
0 0.60078125 0.3328125 0.1265625 0.1296875
0 0.48125 0.4 0.09765625 0.134375
0 0.04921875 0.52109375 0.04296875 0.02890625
0 0.0671875 0.14140625 0.134375 0.17890625
3 0.96484375 0.02265625 0.06796875 0.04453125
0 0.07265625 0.6234375 0.1453125 0.175
0 0.1609375 0.6515625 0.2375 0.4859375
0 0.159375 0.28203125 0.275 0.2359375