0 0.35390625 0.26796875 0.1875 0.3046875
3 0.2015625 0.1484375 0.37578125 0.296875
0 0.0796875 0.3859375 0.159375 0.453125
0 0.11953125 0.37890625 0.03984375 0.11171875
2 0.296875 0.5078125 0.08828125 0.2546875
0 0.3609375 0.565625 0.3234375 0.5546875
0 0.4046875 0.771875 0.03828125 0.02734375
0 0.4484375 0.7671875 0.025 0.0265625
0 0.61796875 0.121875 0.1140625 0.19453125
0 0.9375 0.1234375 0.04453125 0.15703125
3 0.928125 0.4265625 0.14296875 0.2765625
0 0.86171875 0.509375 0.1984375 0.103125
0 0.625 0.3515625 0.2484375 0.20546875