3 0.7203125 0.759375 0.07734375 0.30859375
2 0.1375 0.14765625 0.228125 0.2953125
2 0.41328125 0.3765625 0.10546875 0.10234375
0 0.321875 0.56171875 0.12578125 0.27578125
0 0.171875 0.5859375 0.25625 0.3359375
0 0.0453125 0.6609375 0.090625 0.25859375
0 0.06328125 0.3890625 0.12578125 0.1421875
3 0.4375 0.62109375 0.3796875 0.52265625
3 0.30546875 0.2109375 0.2453125 0.421875
0 0.378125 0.52734375 0.20625 0.26875
0 0.90859375 0.3484375 0.18203125 0.33046875
0 0.89375 0.884375 0.2109375 0.22890625