0 0.51875 0.3453125 0.13359375 0.11640625
0 0.3890625 0.61484375 0.390625 0.76953125
0 0.4328125 0.17265625 0.02421875 0.04375
0 0.18671875 0.26953125 0.14140625 0.1109375
0 0.4546875 0.2125 0.00625 0.05859375
3 0.06875 0.50390625 0.1375 0.5125
0 0.240625 0.6828125 0.23046875 0.63203125
0 0.72421875 0.56640625 0.13515625 0.2296875
3 0.67421875 0.26015625 0.21328125 0.42109375
0 0.81875 0.31484375 0.2625 0.35078125
1 0.42265625 0.27265625 0.07265625 0.54453125
3 0.18359375 0.20390625 0.146875 0.084375
0 0.41171875 0.26171875 0.0734375 0.1265625