0 0.96796875 0.88046875 0.06328125 0.171875
3 0.85390625 0.27578125 0.175 0.21171875
0 0.8859375 0.45390625 0.203125 0.2296875
0 0.76484375 0.68203125 0.2015625 0.3046875
3 0.728125 0.5 0.2453125 0.5484375
0 0.71171875 0.27890625 0.11796875 0.1328125
0 0.66171875 0.53984375 0.1140625 0.4125
0 0.54296875 0.41640625 0.0828125 0.16171875
0 0.37109375 0.44921875 0.36015625 0.3578125
3 0.1234375 0.23984375 0.196875 0.4796875
0 0.4234375 0.29921875 0.1890625 0.1296875
0 0.05859375 0.8625 0.0796875 0.09296875