3 0.97734375 0.2296875 0.04453125 0.178125
0 0.95859375 0.75859375 0.0796875 0.2171875
0 0.775 0.95 0.06953125 0.0984375
2 0.9 0.875 0.1109375 0.2484375
0 0.74921875 0.39140625 0.14765625 0.13359375
3 0.54453125 0.2859375 0.16640625 0.23828125
0 0.334375 0.890625 0.04609375 0.0859375
3 0.2921875 0.85859375 0.27578125 0.28125
0 0.140625 0.88046875 0.28125 0.18984375
3 0.08125 0.34921875 0.1625 0.3921875
0 0.31328125 0.30234375 0.06640625 0.09140625
0 0.05390625 0.42734375 0.1078125 0.27890625
0 0.11484375 0.609375 0.02890625 0.08515625
0 0.85234375 0.74140625 0.021875 0.03515625
0 0.721875 0.70546875 0.25859375 0.509375
0 0.98203125 0.54453125 0.03515625 0.115625
0 0.15625 0.40625 0.1109375 0.31328125
3 0.43515625 0.39921875 0.05 0.1109375