3 0.91953125 0.20234375 0.16015625 0.19140625
0 0.9578125 0.315625 0.0828125 0.18046875
0 0.93203125 0.40859375 0.134375 0.23125
0 0.8265625 0.6953125 0.15859375 0.434375
0 0.63828125 0.85078125 0.11640625 0.29609375
2 0.71484375 0.8765625 0.09765625 0.24453125
0 0.58515625 0.371875 0.16953125 0.14921875
3 0.36328125 0.29765625 0.18671875 0.29375
0 0.07578125 0.83125 0.1515625 0.1578125
3 0.1109375 0.8171875 0.221875 0.3625
0 0.1421875 0.2921875 0.0703125 0.0765625
0 0.5015625 0.71328125 0.26171875 0.55
0 0.0265625 0.37109375 0.053125 0.234375
3 0.2421875 0.40078125 0.071875 0.128125