3 0.55078125 0.209375 0.07265625 0.0703125
0 0.94296875 0.74140625 0.11328125 0.36484375
3 0.70390625 0.30625 0.0890625 0.14453125
3 0.51640625 0.2578125 0.14609375 0.23359375
0 0.28984375 0.665625 0.30859375 0.33828125
0 0.228125 0.4125 0.23046875 0.28984375
0 0.09296875 0.771875 0.15625 0.37890625
2 0.07578125 0.31796875 0.1515625 0.2765625
0 0.71328125 0.65703125 0.21015625 0.1875
0 0.08984375 0.51796875 0.1015625 0.08671875
0 0.65078125 0.45390625 0.11484375 0.32578125
3 0.5984375 0.34609375 0.053125 0.128125