0 0.9015625 0.16796875 0.19609375 0.240625
0 0.9546875 0.74765625 0.0875 0.2046875
3 0.6421875 0.221875 0.3390625 0.44375
0 0.53046875 0.1421875 0.1921875 0.284375
0 0.66953125 0.38671875 0.25078125 0.21484375
0 0.59296875 0.67890625 0.28828125 0.63984375
3 0.25625 0.27734375 0.25703125 0.3578125
0 0.040625 0.5234375 0.08046875 0.38359375
0 0.1390625 0.72734375 0.278125 0.45078125
0 0.59296875 0.0125 0.05703125 0.02421875
3 0.0640625 0.17265625 0.12734375 0.15859375
0 0.853125 0.540625 0.16171875 0.23203125