0 0.0421875 0.803125 0.084375 0.203125
3 0.38515625 0.5 0.12578125 0.35703125
3 0.9796875 0.34296875 0.03984375 0.04453125
0 0.88515625 0.42109375 0.0875 0.10078125
0 0.040625 0.23125 0.08125 0.259375
3 0.86484375 0.32578125 0.071875 0.1015625
0 0.98359375 0.80703125 0.03125 0.0890625
0 0.85546875 0.66171875 0.1046875 0.13046875
3 0.86875 0.5125 0.1125 0.17265625
0 0.8140625 0.59375 0.03359375 0.05703125
0 0.5859375 0.67109375 0.1265625 0.15
3 0.55703125 0.26015625 0.065625 0.16796875
0 0.3640625 0.9109375 0.33203125 0.17578125
2 0.54921875 0.94140625 0.040625 0.11484375