0 0.71328125 0.928125 0.0625 0.06953125
3 0.7078125 0.87109375 0.1734375 0.15546875
0 0.22421875 0.65 0.4484375 0.6078125
0 0.2609375 0.440625 0.115625 0.1640625
0 0.440625 0.8375 0.1671875 0.29375
0 0.42890625 0.671875 0.0984375 0.22109375
0 0.846875 0.8859375 0.096875 0.22578125
0 0.0296875 0.91328125 0.0546875 0.05546875
0 0.03125 0.40703125 0.06171875 0.18984375
0 0.84921875 0.58984375 0.3 0.2984375
3 0.85390625 0.7078125 0.23359375 0.234375
0 0.92578125 0.409375 0.14765625 0.1296875
0 0.91640625 0.1125 0.16484375 0.15703125
0 0.06796875 0.82421875 0.06796875 0.08203125
0 0.82421875 0.79296875 0.04609375 0.05703125