3 0.8640625 0.54296875 0.11796875 0.1625
0 0.51328125 0.66875 0.38828125 0.59765625
0 0.76328125 0.7046875 0.1703125 0.23515625
0 0.70078125 0.496875 0.221875 0.30390625
0 0.440625 0.38046875 0.246875 0.37421875
0 0.11796875 0.11328125 0.2359375 0.22578125
0 0.128125 0.38984375 0.1609375 0.28359375
3 0.1046875 0.728125 0.209375 0.428125
3 0.03046875 0.52265625 0.0609375 0.165625
0 0.909375 0.74453125 0.18046875 0.29453125
0 0.9625 0.55546875 0.07421875 0.13515625
0 0.92578125 0.4375 0.14765625 0.153125