0 0.78125 0.525 0.20390625 0.365625
0 0.58125 0.42265625 0.271875 0.33984375
0 0.525 0.6703125 0.1703125 0.2296875
0 0.48515625 0.421875 0.08671875 0.18203125
0 0.96796875 0.08203125 0.06328125 0.1640625
0 0.15625 0.0796875 0.16328125 0.159375
3 0.953125 0.1671875 0.08359375 0.12734375
0 0.14765625 0.1390625 0.11328125 0.10546875
3 0.1203125 0.15078125 0.23984375 0.24921875
0 0.10625 0.33203125 0.1046875 0.140625
0 0.175 0.71640625 0.0734375 0.1
0 0.06796875 0.8 0.08125 0.071875
3 0.43671875 0.76796875 0.2609375 0.3984375
0 0.315625 0.584375 0.20546875 0.25625