0 0.96015625 0.74296875 0.0765625 0.1765625
0 0.8390625 0.30625 0.128125 0.12265625
0 0.82265625 0.578125 0.1328125 0.0859375
3 0.8640625 0.50078125 0.21484375 0.17421875
0 0.96640625 0.4890625 0.06640625 0.1
2 0.20234375 0.759375 0.05390625 0.0953125
0 0.27734375 0.11796875 0.16171875 0.2359375
0 0.11796875 0.35625 0.12109375 0.22578125
3 0.36328125 0.90859375 0.14296875 0.18046875
3 0.43359375 0.14453125 0.08125 0.128125
0 0.55625 0.42578125 0.03828125 0.0453125
0 0.45859375 0.440625 0.0609375 0.0578125
0 0.41328125 0.39453125 0.03046875 0.03828125
0 0.61015625 0.6359375 0.25078125 0.31328125
0 0.7609375 0.7765625 0.20234375 0.3671875
3 0.51875 0.24609375 0.35546875 0.46171875