0 0.796875 0.4328125 0.06171875 0.04765625
3 0.39296875 0.8125 0.25 0.3015625
3 0.3390625 0.49140625 0.2015625 0.25859375
0 0.303125 0.6328125 0.115625 0.0703125
0 0.5640625 0.728125 0.2625 0.203125
0 0.603125 0.6125 0.17734375 0.2828125
0 0.02265625 0.4859375 0.04453125 0.16640625
0 0.1140625 0.1765625 0.153125 0.35234375
0 0.05390625 0.6890625 0.10703125 0.25625
0 0.0296875 0.05234375 0.05859375 0.10390625
0 0.03984375 0.27421875 0.0796875 0.2671875
0 0.7359375 0.3875 0.0546875 0.19140625
0 0.95078125 0.296875 0.09765625 0.121875
0 0.915625 0.51796875 0.1671875 0.209375
3 0.853125 0.440625 0.1015625 0.08203125
0 0.9421875 0.6953125 0.11484375 0.22578125
0 0.928125 0.8859375 0.1421875 0.2265625