3 0.9828125 0.89453125 0.03359375 0.20859375
0 0.87890625 0.8875 0.24140625 0.19375
3 0.69453125 0.2625 0.18203125 0.225
0 0.8984375 0.36328125 0.06015625 0.12421875
0 0.70859375 0.459375 0.178125 0.28359375
0 0.5640625 0.68125 0.1859375 0.3203125
3 0.5390625 0.4828125 0.27421875 0.578125
0 0.52578125 0.24453125 0.1 0.10234375
0 0.46015625 0.53203125 0.1265625 0.40546875
0 0.36171875 0.40859375 0.09921875 0.1640625
0 0.175 0.44609375 0.35 0.35
0 0.2453125 0.29453125 0.19453125 0.13046875
0 0.75 0.51640625 0.07109375 0.10546875