0 0.1265625 0.33984375 0.18359375 0.41171875
3 0.82109375 0.97578125 0.13203125 0.046875
0 0.93203125 0.33515625 0.1328125 0.4890625
3 0.8828125 0.22578125 0.2046875 0.26484375
3 0.6703125 0.1046875 0.246875 0.209375
0 0.58671875 0.11328125 0.1796875 0.14296875
0 0.65546875 0.37421875 0.178125 0.340625
0 0.58203125 0.60078125 0.1359375 0.15625
0 0.746875 0.54921875 0.15625 0.1890625
0 0.325 0.14453125 0.2578125 0.2890625
0 0.0609375 0.49375 0.121875 0.1859375
0 0.00625 0.63203125 0.0125 0.0609375