0 0.9859375 0.90546875 0.0265625 0.09140625
0 0.9484375 0.41484375 0.10234375 0.128125
3 0.8046875 0.31796875 0.16171875 0.2328125
3 0.6421875 0.86171875 0.228125 0.27421875
0 0.48203125 0.9046875 0.31640625 0.1890625
3 0.353125 0.340625 0.16171875 0.3828125
0 0.59296875 0.3234375 0.04921875 0.1046875
0 0.2625 0.4421875 0.2109375 0.3171875
0 0.121875 0.72734375 0.15859375 0.22890625
3 0.153125 0.46171875 0.284375 0.5796875
0 0.146875 0.20078125 0.0875 0.03828125
0 0.059375 0.5109375 0.10546875 0.3640625
0 0.03046875 0.4375 0.0609375 0.2
0 0.9390625 0.67421875 0.1203125 0.40078125
3 0.021875 0.61328125 0.04375 0.16015625
0 0.41171875 0.4125 0.10546875 0.31796875
3 0.75078125 0.42734375 0.01640625 0.0640625
3 0.68671875 0.40859375 0.06796875 0.10078125