0 0.9359375 0.5140625 0.0421875 0.09609375
0 0.56875 0.4953125 0.1296875 0.09609375
0 0.74453125 0.6921875 0.0890625 0.140625
3 0.7 0.45703125 0.234375 0.36875
3 0.18046875 0.1671875 0.05 0.046875
3 0.3921875 0.19453125 0.40078125 0.25859375
3 0.29921875 0.6859375 0.1046875 0.09921875
0 0.13125 0.33671875 0.096875 0.10703125
0 0.08203125 0.23671875 0.046875 0.1046875
0 0.08046875 0.109375 0.1609375 0.21875
0 0.17109375 0.11640625 0.06875 0.06171875
2 0.93828125 0.14609375 0.1 0.19375
3 0.4015625 0.0703125 0.2578125 0.140625
0 0.96640625 0.5 0.0640625 0.23125