3 0.76953125 0.459375 0.14765625 0.2828125
3 0.0515625 0.0859375 0.103125 0.17109375
2 0.20859375 0.0859375 0.12734375 0.171875
0 0.2703125 0.44921875 0.3296875 0.2640625
0 0.3546875 0.41640625 0.19921875 0.1703125
0 0.19453125 0.3625 0.0609375 0.1078125
3 0.45 0.43984375 0.11171875 0.32109375
0 0.8828125 0.31015625 0.11953125 0.11875
0 0.9328125 0.52421875 0.13359375 0.32109375
2 0.7015625 0.309375 0.02265625 0.03125
3 0.759375 0.75859375 0.0984375 0.0734375
3 0.8234375 0.8625 0.340625 0.240625