3 0.8578125 0.19453125 0.1625 0.196875
0 0.8921875 0.3015625 0.10234375 0.1796875
0 0.9890625 0.8140625 0.01875 0.14375
0 0.8609375 0.40703125 0.14921875 0.2453125
0 0.7421875 0.696875 0.175 0.44140625
0 0.54296875 0.8515625 0.1328125 0.29375
2 0.61796875 0.8796875 0.103125 0.2390625
0 0.51640625 0.36796875 0.13046875 0.1578125
3 0.26875 0.28828125 0.16640625 0.29140625
3 0.06171875 0.840625 0.1234375 0.315625
0 0.0390625 0.28671875 0.0515625 0.06953125
0 0.3875 0.7109375 0.24921875 0.55703125
3 0.14765625 0.40390625 0.06484375 0.11875