3 0.7890625 0.184375 0.16015625 0.1953125
0 0.81796875 0.28984375 0.08125 0.18359375
0 0.928125 0.82578125 0.034375 0.1484375
0 0.7734375 0.3984375 0.14375 0.25234375
0 0.6515625 0.6953125 0.18828125 0.45703125
0 0.440625 0.85078125 0.13671875 0.29609375
2 0.52109375 0.88359375 0.11484375 0.23125
0 0.4484375 0.36640625 0.08984375 0.14453125
3 0.1734375 0.284375 0.1515625 0.28359375
0 0.9765625 0.35625 0.04609375 0.1609375
0 0.27265625 0.71015625 0.2296875 0.55859375
3 0.040625 0.403125 0.0796875 0.1265625