1 0.7515625 0.43359375 0.06640625 0.1125
3 0.859375 0.37578125 0.28046875 0.25078125
0 0.5984375 0.61875 0.1734375 0.2546875
0 0.41953125 0.1296875 0.22890625 0.259375
1 0.7765625 0.26640625 0.05859375 0.034375
0 0.1140625 0.32421875 0.046875 0.0484375
0 0.77890625 0.153125 0.096875 0.1078125
0 0.6953125 0.08046875 0.059375 0.13359375
3 0.853125 0.1609375 0.2921875 0.321875
0 0.57734375 0.3703125 0.1796875 0.25625
0 0.91875 0.58203125 0.159375 0.2859375
0 0.96796875 0.43828125 0.06328125 0.07421875