0 0.0578125 0.196875 0.115625 0.0875
3 0.88828125 0.16328125 0.20234375 0.24296875
3 0.803125 0.2921875 0.07578125 0.128125
0 0.71953125 0.08984375 0.16796875 0.1796875
0 0.8203125 0.5984375 0.02890625 0.04375
0 0.9421875 0.2953125 0.11484375 0.18125
0 0.93671875 0.56640625 0.12578125 0.421875
0 0.63671875 0.13984375 0.15078125 0.2796875
0 0.46875 0.70234375 0.24453125 0.21484375
0 0.11640625 0.6390625 0.13828125 0.24921875
3 0.40390625 0.12890625 0.13203125 0.06015625
3 0.1546875 0.44375 0.309375 0.32578125