3 0.92578125 0.06328125 0.14765625 0.1265625
0 0.9625 0.0578125 0.07421875 0.053125
0 0.9875 0.37421875 0.02421875 0.0890625
0 0.97890625 0.87578125 0.04140625 0.24609375
3 0.7515625 0.26015625 0.209375 0.25546875
3 0.515625 0.61796875 0.24921875 0.30703125
0 0.5609375 0.521875 0.340625 0.3578125
0 0.7203125 0.7375 0.1859375 0.41875
0 0.25234375 0.153125 0.19453125 0.24921875
0 0.9328125 0.2015625 0.13359375 0.25625
3 0.790625 0.43359375 0.05234375 0.04921875
3 0.55 0.25 0.1390625 0.23203125
0 0.0375 0.56640625 0.075 0.13046875