0 0.4171875 0.509375 0.30546875 0.3953125
0 0.58046875 0.17421875 0.20078125 0.2875
2 0.61484375 0.325 0.12890625 0.10078125
2 0.053125 0.5390625 0.10625 0.1671875
0 0.05390625 0.240625 0.1078125 0.1328125
0 0.04609375 0.69765625 0.0921875 0.22421875
2 0.678125 0.46484375 0.0859375 0.196875
0 0.3703125 0.76796875 0.2234375 0.440625
0 0.2953125 0.690625 0.0765625 0.12734375
0 0.74296875 0.5734375 0.1265625 0.19375
0 0.50546875 0.33125 0.13359375 0.12109375
0 0.27421875 0.04765625 0.115625 0.0953125
0 0.66875 0.7765625 0.0734375 0.2015625
3 0.96171875 0.20390625 0.0734375 0.0828125
2 0.94765625 0.0265625 0.103125 0.053125
0 0.86875 0.82265625 0.228125 0.353125
3 0.70703125 0.81015625 0.15390625 0.378125
0 0.9 0.66953125 0.196875 0.4515625