0 0.571875 0.3859375 0.046875 0.07734375
3 0.621875 0.0703125 0.06953125 0.10625
0 0.68203125 0.1515625 0.06171875 0.05703125
0 0.19453125 0.51015625 0.10625 0.09609375
0 0.634375 0.36953125 0.06328125 0.1828125
0 0.7359375 0.19609375 0.09375 0.05859375
0 0.84140625 0.12109375 0.315625 0.24140625
0 0.69453125 0.6140625 0.04375 0.07109375
3 0.6359375 0.78203125 0.09609375 0.36796875
0 0.346875 0.196875 0.13203125 0.20625
0 0.38515625 0.66640625 0.14765625 0.378125
1 0.0875 0.6484375 0.175 0.1328125
0 0.09375 0.309375 0.1484375 0.2453125
0 0.0453125 0.07890625 0.090625 0.1578125