0 0.9796875 0.91875 0.0390625 0.10390625
0 0.16875 0.440625 0.14609375 0.10546875
3 0.81875 0.10390625 0.1625 0.2078125
0 0.09765625 0.28046875 0.15390625 0.20078125
0 0.2140625 0.06171875 0.03359375 0.05859375
0 0.103125 0.7765625 0.20625 0.25
0 0.11171875 0.63125 0.0515625 0.06015625
0 0.1125 0.9265625 0.08203125 0.125
0 0.2328125 0.77734375 0.15625 0.28046875
0 0.3734375 0.91171875 0.21796875 0.17421875
0 0.38828125 0.621875 0.21015625 0.4203125
0 0.4015625 0.68671875 0.16875 0.24375
0 0.88046875 0.39921875 0.14375 0.28515625
0 0.953125 0.61640625 0.09296875 0.45546875
0 0.71640625 0.25546875 0.18671875 0.190625