0 0.09765625 0.50234375 0.0984375 0.1734375
0 0.02109375 0.4375 0.0421875 0.040625
3 0.278125 0.3453125 0.0953125 0.196875
0 0.5140625 0.6359375 0.1234375 0.1578125
0 0.753125 0.10859375 0.1375 0.2171875
0 0.9140625 0.353125 0.1453125 0.2859375
0 0.2 0.290625 0.1296875 0.1796875
0 0.3765625 0.83515625 0.05390625 0.04921875
0 0.48671875 0.37890625 0.05546875 0.09296875
3 0.603125 0.1671875 0.1453125 0.1609375
1 0.9296875 0.70546875 0.13984375 0.03046875
1 0.91875 0.62578125 0.16171875 0.03359375
2 0.70234375 0.84609375 0.02734375 0.14921875
0 0.60625 0.57421875 0.27421875 0.375
0 0.4484375 0.87421875 0.296875 0.25
3 0.51328125 0.46953125 0.071875 0.1984375