0 0.56328125 0.1078125 0.1984375 0.215625
0 0.778125 0.259375 0.24453125 0.51875
1 0.2046875 0.25390625 0.01484375 0.06640625
1 0.2296875 0.2046875 0.0265625 0.03203125
0 0.06484375 0.259375 0.1296875 0.23515625
0 0.109375 0.3921875 0.08046875 0.22421875
0 0.8578125 0.015625 0.04375 0.03125
0 0.95703125 0.94921875 0.08515625 0.09921875
0 0.921875 0.58984375 0.15546875 0.28671875
3 0.60546875 0.66171875 0.5671875 0.53359375
0 0.453125 0.7265625 0.18359375 0.1171875
0 0.3625 0.5734375 0.08515625 0.103125
3 0.04609375 0.7421875 0.0828125 0.19375
0 0.34765625 0.515625 0.03828125 0.03671875
0 0.50859375 0.3359375 0.59453125 0.4203125