0 0.1953125 0.5765625 0.1890625 0.35859375
0 0.26875 0.31484375 0.1453125 0.22421875
3 0.04921875 0.4484375 0.0984375 0.16953125
0 0.94296875 0.53828125 0.11328125 0.23984375
0 0.784375 0.5375 0.03125 0.03046875
0 0.825 0.48046875 0.1203125 0.078125
0 0.19140625 0.79609375 0.25234375 0.40546875
0 0.75703125 0.19296875 0.19453125 0.2390625
0 0.88203125 0.340625 0.23515625 0.24296875
0 0.96640625 0.26015625 0.065625 0.1203125
2 0.8796875 0.7265625 0.11953125 0.34453125
0 0.7875 0.6484375 0.10703125 0.203125
3 0.984375 0.7703125 0.03046875 0.071875