0 0.9734375 0.64921875 0.05234375 0.18203125
0 0.3390625 0.15234375 0.0796875 0.1875
3 0.31796875 0.34765625 0.0390625 0.08515625
0 0.178125 0.40546875 0.2828125 0.3671875
0 0.1265625 0.72421875 0.25234375 0.54921875
0 0.3171875 0.58359375 0.2015625 0.2
0 0.071875 0.134375 0.06484375 0.13203125
0 0.09609375 0.23359375 0.16796875 0.184375
3 0.23515625 0.2671875 0.140625 0.271875
3 0.04609375 0.40390625 0.09140625 0.48515625
0 0.52421875 0.615625 0.12578125 0.171875
3 0.97421875 0.4875 0.05078125 0.16015625