0 0.03359375 0.85234375 0.06640625 0.28828125
0 0.184375 0.30703125 0.1671875 0.346875
0 0.096875 0.8515625 0.1359375 0.2953125
0 0.83046875 0.65546875 0.15703125 0.2515625
3 0.89765625 0.546875 0.1015625 0.48828125
0 0.18515625 0.5890625 0.04453125 0.1109375
3 0.45859375 0.37109375 0.27265625 0.5640625
0 0.6203125 0.55625 0.06875 0.16640625
0 0.6359375 0.3578125 0.1 0.30859375
3 0.940625 0.07578125 0.115625 0.1515625
0 0.4375 0.70625 0.31640625 0.30078125
0 0.76640625 0.5640625 0.23046875 0.34296875