0 0.3078125 0.50625 0.04453125 0.0609375
0 0.1734375 0.45 0.171875 0.4015625
0 0.09296875 0.75234375 0.12734375 0.27890625
0 0.27890625 0.9 0.090625 0.14921875
0 0.00546875 0.3375 0.0109375 0.0625
0 0.40859375 0.38359375 0.19765625 0.2171875
0 0.334375 0.34296875 0.11796875 0.2140625
0 0.721875 0.8671875 0.15078125 0.175
0 0.6171875 0.815625 0.03359375 0.0640625
0 0.6484375 0.4953125 0.10234375 0.1609375
0 0.71796875 0.4515625 0.14453125 0.33203125
0 0.9265625 0.79453125 0.09140625 0.0890625
0 0.86640625 0.10625 0.17421875 0.2125
3 0.928125 0.05390625 0.14296875 0.10703125
0 0.98359375 0.35546875 0.03203125 0.0515625