3 0.88046875 0.12421875 0.23828125 0.2484375
0 0.0984375 0.23984375 0.05390625 0.06953125
0 0.496875 0.08515625 0.35625 0.1703125
0 0.128125 0.65859375 0.25625 0.6796875
0 0.4984375 0.23046875 0.3078125 0.2390625
0 0.66875 0.215625 0.0765625 0.121875
0 0.621875 0.2953125 0.0390625 0.11015625
0 0.559375 0.359375 0.1359375 0.0921875
0 0.853125 0.290625 0.140625 0.25859375
0 0.871875 0.70546875 0.18203125 0.22109375
0 0.815625 0.53046875 0.11640625 0.10859375
0 0.78671875 0.4078125 0.23125 0.253125
0 0.92578125 0.90625 0.146875 0.1859375
0 0.50390625 0.7375 0.215625 0.2296875