0 0.6421875 0.3296875 0.059375 0.025
0 0.81015625 0.73359375 0.10546875 0.0984375
0 0.80625 0.6140625 0.1609375 0.31796875
0 0.97578125 0.60703125 0.04765625 0.04609375
0 0.9109375 0.2515625 0.12578125 0.13671875
0 0.8453125 0.37578125 0.1609375 0.1546875
0 0.79453125 0.45625 0.1328125 0.165625
3 0.6453125 0.1953125 0.1203125 0.2625
3 0.2921875 0.0734375 0.278125 0.146875
3 0.4734375 0.23828125 0.03125 0.1609375
2 0.2515625 0.12421875 0.11875 0.10859375
3 0.040625 0.4703125 0.08046875 0.225
3 0.92734375 0.79921875 0.1421875 0.2390625