0 0.94765625 0.0921875 0.1015625 0.184375
0 0.78984375 0.36953125 0.24375 0.33203125
0 0.01953125 0.66796875 0.0390625 0.1953125
1 0.459375 0.590625 0.14140625 0.21171875
0 0.30703125 0.11484375 0.1171875 0.0609375
0 0.7515625 0.75078125 0.175 0.3484375
0 0.703125 0.55625 0.1484375 0.409375
0 0.59375 0.053125 0.21796875 0.10625
0 0.44296875 0.09765625 0.1953125 0.1953125
0 0.12734375 0.43671875 0.18359375 0.2125
0 0.5203125 0.28984375 0.24296875 0.26484375
0 0.8625 0.66953125 0.20703125 0.2828125
2 0.92890625 0.57421875 0.1234375 0.25234375