0 0.8921875 0.01640625 0.028125 0.0328125
0 0.03359375 0.0171875 0.0671875 0.034375
0 0.89765625 0.29453125 0.20234375 0.5171875
3 0.9546875 0.35 0.0890625 0.2796875
0 0.93828125 0.1265625 0.12265625 0.253125
0 0.28203125 0.4953125 0.29296875 0.42734375
3 0.4484375 0.44765625 0.14375 0.19296875
0 0.5296875 0.328125 0.18203125 0.30625
0 0.83125 0.790625 0.2796875 0.41796875
0 0.7984375 0.5140625 0.17734375 0.32578125
0 0.6390625 0.5359375 0.16328125 0.3234375
3 0.8046875 0.0484375 0.15390625 0.09609375