2 0.1140625 0.71484375 0.20390625 0.225
0 0.92421875 0.459375 0.15078125 0.26796875
0 0.909375 0.746875 0.18046875 0.41171875
0 0.88046875 0.6359375 0.16640625 0.17265625
0 0.73046875 0.553125 0.11953125 0.09296875
0 0.47421875 0.8453125 0.1609375 0.2125
0 0.76484375 0.73671875 0.11015625 0.30859375
0 0.56953125 0.4234375 0.11953125 0.12265625
0 0.0875 0.29609375 0.17421875 0.32890625
0 0.38359375 0.46171875 0.05390625 0.0578125
0 0.13515625 0.5046875 0.23671875 0.27734375
0 0.22734375 0.04609375 0.1359375 0.0921875
0 0.17109375 0.74140625 0.0734375 0.0765625
0 0.20703125 0.684375 0.046875 0.05859375
0 0.44453125 0.38125 0.14375 0.12421875