0 0.2046875 0.3421875 0.33515625 0.59609375
3 0.43125 0.7578125 0.11953125 0.475
3 0.2703125 0.83046875 0.2265625 0.33671875
0 0.95234375 0.71328125 0.0921875 0.4203125
0 0.6703125 0.63984375 0.28359375 0.3515625
3 0.478125 0.684375 0.08125 0.2859375
3 0.56171875 0.66796875 0.153125 0.359375
0 0.49921875 0.88046875 0.1015625 0.23671875
0 0.3515625 0.7875 0.1390625 0.3578125
0 0.2515625 0.653125 0.07734375 0.03828125
0 0.28359375 0.10625 0.0515625 0.15234375
0 0.4125 0.41484375 0.18359375 0.41640625