3 0.6890625 0.39296875 0.290625 0.5015625
3 0.6296875 0.8015625 0.1125 0.153125
0 0.58046875 0.81796875 0.07578125 0.10234375
0 0.74140625 0.75390625 0.153125 0.221875
0 0.8921875 0.9015625 0.16875 0.1953125
0 0.984375 0.93984375 0.0296875 0.0515625
0 0.95546875 0.66875 0.065625 0.11953125
3 0.4109375 0.0765625 0.134375 0.153125
0 0.42578125 0.1265625 0.1859375 0.1140625
0 0.3515625 0.39296875 0.14609375 0.13671875
0 0.35390625 0.5359375 0.02890625 0.11640625
0 0.3609375 0.696875 0.0921875 0.09453125
0 0.296875 0.66015625 0.109375 0.103125