0 0.93203125 0.58828125 0.13515625 0.23828125
0 0.55625 0.60078125 0.2921875 0.4125
3 0.640625 0.1703125 0.1359375 0.32421875
0 0.903125 0.2515625 0.159375 0.1609375
3 0.85703125 0.0515625 0.13046875 0.103125
3 0.91953125 0.14453125 0.0609375 0.0859375
0 0.6828125 0.5625 0.2078125 0.60078125
3 0.84921875 0.3984375 0.3 0.3328125
0 0.46171875 0.18125 0.2859375 0.25859375
0 0.39140625 0.37421875 0.203125 0.27109375
0 0.2953125 0.2234375 0.10078125 0.13828125
0 0.16171875 0.46328125 0.3234375 0.5703125