0 0.88203125 0.2390625 0.175 0.1921875
0 0.925 0.56171875 0.14921875 0.1953125
2 0.5 0.7765625 0.20078125 0.290625
3 0.53828125 0.63828125 0.17421875 0.28515625
3 0.4359375 0.67109375 0.2 0.246875
0 0.3359375 0.0859375 0.15 0.171875
0 0.94296875 0.15 0.0984375 0.171875
0 0.58984375 0.1359375 0.175 0.13984375
2 0.11640625 0.065625 0.1234375 0.13125
0 0.3578125 0.5625 0.3375 0.18046875
0 0.34609375 0.85859375 0.36015625 0.28125
0 0.04296875 0.378125 0.0859375 0.13515625
0 0.578125 0.91875 0.07734375 0.16015625
0 0.3078125 0.41875 0.12890625 0.21171875
0 0.31171875 0.6921875 0.17734375 0.140625