3 0.13581730769230768 0.16346153846153846 0.13581730769230768 0.265625
3 0.9206730769230769 0.9507211538461539 0.10096153846153846 0.09375
0 0.5108173076923077 0.8533653846153846 0.055288461538461536 0.15504807692307693
0 0.5901442307692307 0.8221153846153846 0.027644230769230768 0.06129807692307692
3 0.8221153846153846 0.8557692307692307 0.13701923076923078 0.17908653846153846
3 0.8629807692307693 0.4230769230769231 0.27283653846153844 0.421875
0 0.8293269230769231 0.7367788461538461 0.33653846153846156 0.5216346153846154
0 0.3641826923076923 0.4326923076923077 0.15144230769230768 0.15504807692307693
3 0.5120192307692307 0.6694711538461539 0.06850961538461539 0.21394230769230768
0 0.5540865384615384 0.7355769230769231 0.054086538461538464 0.10216346153846154
3 0.055288461538461536 0.6875 0.11057692307692307 0.2512019230769231
0 0.3786057692307692 0.8197115384615384 0.2127403846153846 0.359375