0 0.12620192307692307 0.6899038461538461 0.23076923076923078 0.25841346153846156
0 0.4170673076923077 0.8269230769230769 0.11899038461538461 0.23076923076923078
3 0.2536057692307692 0.5913461538461539 0.3293269230769231 0.5528846153846154
0 0.4026442307692308 0.6754807692307693 0.04927884615384615 0.11899038461538461
3 0.055288461538461536 0.5889423076923077 0.0889423076923077 0.1141826923076923
0 0.5444711538461539 0.5576923076923077 0.15865384615384615 0.3161057692307692
0 0.9507211538461539 0.6947115384615384 0.09375 0.22596153846153846
0 0.359375 0.07692307692307693 0.0985576923076923 0.15384615384615385
0 0.5144230769230769 0.5108173076923077 0.21754807692307693 0.46153846153846156
0 0.8966346153846154 0.4170673076923077 0.04567307692307692 0.08413461538461539
0 0.17067307692307693 0.4206730769230769 0.34134615384615385 0.5913461538461539
0 0.6971153846153846 0.3485576923076923 0.11298076923076923 0.09735576923076923
2 0.9014423076923077 0.38822115384615385 0.06009615384615385 0.1141826923076923
3 0.6490384615384616 0.8040865384615384 0.4723557692307692 0.390625
0 0.32572115384615385 0.8629807692307693 0.038461538461538464 0.13701923076923078
0 0.27163461538461536 0.8605769230769231 0.09014423076923077 0.09134615384615384