2 0.04927884615384615 0.30649038461538464 0.0985576923076923 0.08774038461538461
3 0.4230769230769231 0.4170673076923077 0.12860576923076922 0.24278846153846154
3 0.20673076923076922 0.8653846153846154 0.05048076923076923 0.14783653846153846
2 0.41346153846153844 0.7716346153846154 0.08653846153846154 0.18629807692307693
3 0.7740384615384616 0.2704326923076923 0.4182692307692308 0.5408653846153846
3 0.9711538461538461 0.47475961538461536 0.056490384615384616 0.09975961538461539
3 0.6430288461538461 0.47596153846153844 0.25 0.39783653846153844
0 0.27163461538461536 0.7115384615384616 0.19471153846153846 0.13942307692307693
0 0.22956730769230768 0.4987980769230769 0.10697115384615384 0.19951923076923078
3 0.32572115384615385 0.4050480769230769 0.06370192307692307 0.12139423076923077
3 0.31490384615384615 0.49158653846153844 0.08052884615384616 0.0829326923076923
0 0.09615384615384616 0.47836538461538464 0.19110576923076922 0.109375
3 0.53125 0.3269230769230769 0.16826923076923078 0.16466346153846154
0 0.9519230769230769 0.9206730769230769 0.09134615384615384 0.15384615384615385
0 0.8185096153846154 0.7560096153846154 0.2932692307692308 0.3016826923076923