3 0.9074519230769231 0.36658653846153844 0.18028846153846154 0.6033653846153846
0 0.7992788461538461 0.8677884615384616 0.2283653846153846 0.25961538461538464
0 0.1658653846153846 0.32211538461538464 0.078125 0.2247596153846154
3 0.14302884615384615 0.5540865384615384 0.22235576923076922 0.17548076923076922
0 0.4026442307692308 0.8028846153846154 0.2644230769230769 0.39302884615384615
0 0.33413461538461536 0.34375 0.28846153846153844 0.6875
3 0.14423076923076922 0.3918269230769231 0.18629807692307693 0.39783653846153844
0 0.6838942307692307 0.7548076923076923 0.15745192307692307 0.24759615384615385
0 0.6141826923076923 0.5985576923076923 0.3629807692307692 0.5228365384615384
2 0.9230769230769231 0.078125 0.09975961538461539 0.15625
0 0.9326923076923077 0.9074519230769231 0.09014423076923077 0.07211538461538461
0 0.9915865384615384 0.9086538461538461 0.01201923076923077 0.02403846153846154