1 0.30408653846153844 0.7836538461538461 0.04447115384615385 0.14423076923076922
3 0.7319711538461539 0.3473557692307692 0.17668269230769232 0.4483173076923077
3 0.65625 0.7451923076923077 0.16346153846153846 0.18269230769230768
0 0.5540865384615384 0.7632211538461539 0.49278846153846156 0.46875
0 0.18870192307692307 0.4675480769230769 0.21995192307692307 0.27884615384615385
3 0.8990384615384616 0.31009615384615385 0.1971153846153846 0.3269230769230769
3 0.41346153846153844 0.4651442307692308 0.19951923076923078 0.41225961538461536
3 0.04447115384615385 0.41225961538461536 0.0889423076923077 0.3918269230769231
0 0.26802884615384615 0.6274038461538461 0.13701923076923078 0.16826923076923078
0 0.8581730769230769 0.5817307692307693 0.19230769230769232 0.265625
3 0.8401442307692307 0.8377403846153846 0.1622596153846154 0.3233173076923077
2 0.20072115384615385 0.18389423076923078 0.21514423076923078 0.25600961538461536
3 0.14903846153846154 0.10096153846153846 0.2980769230769231 0.20192307692307693
3 0.8221153846153846 0.16346153846153846 0.20072115384615385 0.22235576923076922