3 0.2644230769230769 0.5925480769230769 0.37740384615384615 0.7896634615384616
0 0.06009615384615385 0.5600961538461539 0.1201923076923077 0.40384615384615385
3 0.21634615384615385 0.03365384615384615 0.08653846153846154 0.0673076923076923
3 0.765625 0.22716346153846154 0.4050480769230769 0.4543269230769231
0 0.5997596153846154 0.11298076923076923 0.15745192307692307 0.2247596153846154
0 0.6610576923076923 0.6225961538461539 0.44711538461538464 0.6189903846153846
1 0.6298076923076923 0.22596153846153846 0.06610576923076923 0.06971153846153846
0 0.9350961538461539 0.5612980769230769 0.125 0.2668269230769231
3 0.8209134615384616 0.6971153846153846 0.35697115384615385 0.4855769230769231
0 0.9819711538461539 0.9663461538461539 0.03485576923076923 0.06610576923076923
0 0.014423076923076924 0.21995192307692307 0.028846153846153848 0.10336538461538461