0 0.21995192307692307 0.3389423076923077 0.20552884615384615 0.5528846153846154
2 0.18629807692307693 0.8858173076923077 0.13221153846153846 0.22355769230769232
3 0.3112980769230769 0.3473557692307692 0.08774038461538461 0.19951923076923078
0 0.46875 0.4723557692307692 0.0985576923076923 0.14182692307692307
3 0.6418269230769231 0.41466346153846156 0.19230769230769232 0.3389423076923077
0 0.5012019230769231 0.8341346153846154 0.2403846153846154 0.19831730769230768
0 0.3269230769230769 0.6033653846153846 0.10336538461538461 0.22956730769230768
0 0.8317307692307693 0.8461538461538461 0.140625 0.2800480769230769
0 0.046875 0.3894230769230769 0.09375 0.27884615384615385
0 0.2920673076923077 0.8365384615384616 0.17548076923076922 0.32211538461538464
0 0.8617788461538461 0.39903846153846156 0.265625 0.21754807692307693
3 0.19110576923076922 0.17548076923076922 0.05048076923076923 0.13341346153846154