0 0.8317307692307693 0.7896634615384616 0.046875 0.08413461538461539
3 0.8762019230769231 0.9435096153846154 0.19951923076923078 0.10817307692307693
0 0.6935096153846154 0.453125 0.04326923076923077 0.18870192307692307
0 0.6274038461538461 0.28725961538461536 0.0829326923076923 0.08774038461538461
0 0.07572115384615384 0.6442307692307693 0.10817307692307693 0.11177884615384616
0 0.45072115384615385 0.23798076923076922 0.1141826923076923 0.17668269230769232
0 0.23317307692307693 0.4879807692307692 0.109375 0.23317307692307693
0 0.09975961538461539 0.7584134615384616 0.19951923076923078 0.3088942307692308
0 0.8064903846153846 0.5793269230769231 0.06490384615384616 0.19110576923076922
0 0.7283653846153846 0.33413461538461536 0.19831730769230768 0.29086538461538464
0 0.5084134615384616 0.859375 0.20432692307692307 0.2764423076923077
0 0.14302884615384615 0.5036057692307693 0.18629807692307693 0.2283653846153846
3 0.33533653846153844 0.4338942307692308 0.11298076923076923 0.25961538461538464
2 0.9278846153846154 0.125 0.06971153846153846 0.14783653846153846
2 0.5300480769230769 0.15264423076923078 0.21634615384615385 0.30408653846153844