0 0.30528846153846156 0.9122596153846154 0.23076923076923078 0.17067307692307693
0 0.7103365384615384 0.13221153846153846 0.27884615384615385 0.25961538461538464
0 0.9074519230769231 0.890625 0.13221153846153846 0.21394230769230768
0 0.9879807692307693 0.44591346153846156 0.019230769230769232 0.1466346153846154
0 0.265625 0.8016826923076923 0.12139423076923077 0.10336538461538461
0 0.20432692307692307 0.6634615384615384 0.11899038461538461 0.13341346153846154
3 0.12620192307692307 0.2704326923076923 0.2512019230769231 0.5408653846153846
0 0.0673076923076923 0.703125 0.13341346153846154 0.2776442307692308
3 0.28846153846153844 0.45072115384615385 0.10817307692307693 0.13341346153846154
0 0.09735576923076923 0.5901442307692307 0.07572115384615384 0.28725961538461536
0 0.23798076923076922 0.515625 0.046875 0.11538461538461539