0 0.7800480769230769 0.38822115384615385 0.23076923076923078 0.25240384615384615
2 0.8112980769230769 0.1045673076923077 0.18509615384615385 0.2091346153846154
0 0.6706730769230769 0.33653846153846156 0.0829326923076923 0.140625
0 0.6983173076923077 0.5048076923076923 0.06490384615384616 0.11298076923076923
2 0.49038461538461536 0.6766826923076923 0.11658653846153846 0.3233173076923077
0 0.5228365384615384 0.5408653846153846 0.0733173076923077 0.11899038461538461
0 0.08413461538461539 0.3557692307692308 0.16826923076923078 0.25
3 0.11538461538461539 0.9543269230769231 0.15865384615384615 0.09014423076923077
0 0.16706730769230768 0.13581730769230768 0.140625 0.2668269230769231
0 0.49399038461538464 0.7908653846153846 0.21153846153846154 0.4170673076923077
0 0.44471153846153844 0.6550480769230769 0.04326923076923077 0.06971153846153846