0 0.8581730769230769 0.46634615384615385 0.23076923076923078 0.3473557692307692
0 0.5336538461538461 0.3425480769230769 0.021634615384615384 0.06850961538461539
0 0.5805288461538461 0.8389423076923077 0.17908653846153846 0.21995192307692307
0 0.6213942307692307 0.4074519230769231 0.14423076923076922 0.2608173076923077
0 0.06610576923076923 0.30649038461538464 0.13221153846153846 0.3016826923076923
0 0.08653846153846154 0.6634615384615384 0.171875 0.20793269230769232
0 0.4807692307692308 0.7728365384615384 0.07451923076923077 0.13822115384615385
0 0.9050480769230769 0.6394230769230769 0.10216346153846154 0.16466346153846154
0 0.9350961538461539 0.8257211538461539 0.125 0.34375
3 0.7367788461538461 0.11778846153846154 0.11298076923076923 0.23557692307692307
0 0.6790865384615384 0.8617788461538461 0.09495192307692307 0.23918269230769232
0 0.9675480769230769 0.4855769230769231 0.06370192307692307 0.38100961538461536