0 0.33052884615384615 0.8221153846153846 0.08173076923076923 0.13581730769230768
0 0.4699519230769231 0.9302884615384616 0.16105769230769232 0.1346153846153846
0 0.6418269230769231 0.17548076923076922 0.23197115384615385 0.34975961538461536
0 0.4639423076923077 0.039663461538461536 0.14543269230769232 0.07932692307692307
0 0.4879807692307692 0.7331730769230769 0.4050480769230769 0.5324519230769231
0 0.12379807692307693 0.30649038461538464 0.24639423076923078 0.6117788461538461
0 0.9302884615384616 0.36658653846153844 0.13822115384615385 0.2548076923076923
0 0.9387019230769231 0.5432692307692307 0.12139423076923077 0.10096153846153846
0 0.859375 0.7259615384615384 0.1141826923076923 0.1935096153846154
3 0.6838942307692307 0.3389423076923077 0.10576923076923077 0.13341346153846154
3 0.875 0.36538461538461536 0.07451923076923077 0.1201923076923077
3 0.7644230769230769 0.36177884615384615 0.078125 0.10697115384615384
2 0.6225961538461539 0.27884615384615385 0.08774038461538461 0.12379807692307693
3 0.5432692307692307 0.9651442307692307 0.125 0.06490384615384616
0 0.20793269230769232 0.6550480769230769 0.1935096153846154 0.2512019230769231
0 0.9639423076923077 0.8413461538461539 0.07091346153846154 0.20192307692307693
0 0.32572115384615385 0.9399038461538461 0.10817307692307693 0.11538461538461539
2 0.1814903846153846 0.36658653846153844 0.052884615384615384 0.15745192307692307
0 0.8197115384615384 0.2920673076923077 0.1141826923076923 0.19110576923076922