0 0.3004807692307692 0.7716346153846154 0.3701923076923077 0.33052884615384615
3 0.7716346153846154 0.15504807692307693 0.4519230769230769 0.31009615384615385
0 0.9495192307692307 0.8125 0.09975961538461539 0.18269230769230768
0 0.06129807692307692 0.9483173076923077 0.12259615384615384 0.0985576923076923
0 0.06850961538461539 0.5576923076923077 0.13701923076923078 0.42788461538461536
0 0.3088942307692308 0.84375 0.31490384615384615 0.3076923076923077
0 0.6057692307692307 0.90625 0.11057692307692307 0.18269230769230768
0 0.453125 0.7103365384615384 0.11538461538461539 0.140625
0 0.8930288461538461 0.375 0.2127403846153846 0.38461538461538464
0 0.41346153846153844 0.08052884615384616 0.17067307692307693 0.15985576923076922
3 0.6959134615384616 0.33413461538461536 0.19471153846153846 0.42427884615384615