0 0.9326923076923077 0.7860576923076923 0.12980769230769232 0.27403846153846156
0 0.8269230769230769 0.49038461538461536 0.140625 0.18028846153846154
0 0.296875 0.6201923076923077 0.14543269230769232 0.2512019230769231
0 0.390625 0.5288461538461539 0.09375 0.22716346153846154
3 0.054086538461538464 0.22956730769230768 0.10817307692307693 0.28125
2 0.3112980769230769 0.28846153846153844 0.039663461538461536 0.07211538461538461
0 0.17307692307692307 0.6430288461538461 0.23317307692307693 0.5661057692307693
0 0.41586538461538464 0.8858173076923077 0.16826923076923078 0.22355769230769232
0 0.6322115384615384 0.6129807692307693 0.23677884615384615 0.49158653846153844
0 0.9362980769230769 0.5745192307692307 0.12620192307692307 0.2920673076923077
0 0.9459134615384616 0.9206730769230769 0.10336538461538461 0.15384615384615385