0 0.42788461538461536 0.8533653846153846 0.051682692307692304 0.09495192307692307
0 0.6129807692307693 0.5324519230769231 0.12139423076923077 0.2848557692307692
0 0.8605769230769231 0.43028846153846156 0.07451923076923077 0.0985576923076923
0 0.6754807692307693 0.7391826923076923 0.11538461538461539 0.0829326923076923
0 0.9651442307692307 0.7103365384615384 0.06490384615384616 0.09375
0 0.8125 0.8545673076923077 0.22115384615384615 0.2860576923076923
0 0.7680288461538461 0.6646634615384616 0.09375 0.13221153846153846
0 0.2956730769230769 0.5697115384615384 0.1045673076923077 0.3786057692307692
0 0.1875 0.48197115384615385 0.04447115384615385 0.040865384615384616
3 0.5192307692307693 0.25841346153846156 0.5144230769230769 0.47836538461538464
0 0.6225961538461539 0.8125 0.28365384615384615 0.3701923076923077
3 0.3858173076923077 0.3701923076923077 0.3293269230769231 0.35336538461538464
3 0.9387019230769231 0.4375 0.12139423076923077 0.09134615384615384
3 0.8401442307692307 0.5649038461538461 0.1141826923076923 0.12139423076923077
0 0.5252403846153846 0.3245192307692308 0.14182692307692307 0.17307692307692307