0 0.0889423076923077 0.6646634615384616 0.17668269230769232 0.24879807692307693
0 0.4699519230769231 0.36899038461538464 0.11177884615384616 0.2091346153846154
0 0.06370192307692307 0.21754807692307693 0.12740384615384615 0.31971153846153844
0 0.25600961538461536 0.6129807692307693 0.5120192307692307 0.6682692307692307
2 0.8329326923076923 0.0889423076923077 0.13581730769230768 0.17668269230769232
0 0.3004807692307692 0.23317307692307693 0.21033653846153846 0.2548076923076923
3 0.7415865384615384 0.5973557692307693 0.27283653846153844 0.5528846153846154
0 0.5733173076923077 0.34615384615384615 0.10697115384615384 0.11778846153846154
0 0.953125 0.6129807692307693 0.0889423076923077 0.24519230769230768
0 0.9567307692307693 0.7716346153846154 0.08173076923076923 0.11538461538461539
0 0.8762019230769231 0.7151442307692307 0.06370192307692307 0.12980769230769232
0 0.2644230769230769 0.7932692307692307 0.18509615384615385 0.25841346153846156