1 0.8810096153846154 0.6274038461538461 0.07451923076923077 0.1778846153846154
0 0.9627403846153846 0.8209134615384616 0.02403846153846154 0.04807692307692308
0 0.5396634615384616 0.6995192307692307 0.2536057692307692 0.19951923076923078
0 0.5420673076923077 0.8629807692307693 0.21514423076923078 0.27283653846153844
0 0.7283653846153846 0.9182692307692307 0.20072115384615385 0.14182692307692307
3 0.7752403846153846 0.0733173076923077 0.28365384615384615 0.1466346153846154
0 0.7536057692307693 0.5973557692307693 0.14783653846153846 0.1502403846153846
0 0.9651442307692307 0.9495192307692307 0.05048076923076923 0.09615384615384616
3 0.6117788461538461 0.5384615384615384 0.46634615384615385 0.5408653846153846
0 0.028846153846153848 0.78125 0.057692307692307696 0.1971153846153846
3 0.9326923076923077 0.7103365384615384 0.06971153846153846 0.14302884615384615
0 0.4891826923076923 0.41466346153846156 0.11177884615384616 0.16466346153846154
3 0.06610576923076923 0.8737980769230769 0.13221153846153846 0.24278846153846154