3 0.4567307692307692 0.27884615384615385 0.3016826923076923 0.5564903846153846
3 0.9423076923076923 0.5973557692307693 0.11057692307692307 0.5889423076923077
0 0.17548076923076922 0.5396634615384616 0.11778846153846154 0.32211538461538464
3 0.3786057692307692 0.9266826923076923 0.12259615384615384 0.14182692307692307
0 0.027644230769230768 0.5216346153846154 0.054086538461538464 0.21634615384615385
3 0.6442307692307693 0.8846153846153846 0.13942307692307693 0.18509615384615385
0 0.20432692307692307 0.8245192307692307 0.15985576923076922 0.27524038461538464
0 0.5588942307692307 0.7103365384615384 0.3473557692307692 0.28125
1 0.34375 0.8052884615384616 0.12379807692307693 0.2620192307692308
3 0.6201923076923077 0.17548076923076922 0.057692307692307696 0.05048076923076923
3 0.13822115384615385 0.19831730769230768 0.2764423076923077 0.31971153846153844
3 0.09254807692307693 0.8088942307692307 0.18509615384615385 0.37740384615384615