0 0.3076923076923077 0.7644230769230769 0.2512019230769231 0.3629807692307692
0 0.5324519230769231 0.7379807692307693 0.23918269230769232 0.36177884615384615
0 0.43990384615384615 0.37259615384615385 0.36658653846153844 0.4699519230769231
0 0.9302884615384616 0.48197115384615385 0.13822115384615385 0.25
0 0.7800480769230769 0.7980769230769231 0.19951923076923078 0.39903846153846156
0 0.8894230769230769 0.7415865384615384 0.21634615384615385 0.36778846153846156
0 0.2247596153846154 0.9158653846153846 0.12740384615384615 0.14423076923076922
0 0.21394230769230768 0.6177884615384616 0.036057692307692304 0.1045673076923077
0 0.12259615384615384 0.9375 0.11057692307692307 0.1201923076923077
3 0.06129807692307692 0.18389423076923078 0.12259615384615384 0.36778846153846156
0 0.08774038461538461 0.484375 0.17548076923076922 0.33774038461538464