3 0.27163461538461536 0.3713942307692308 0.19471153846153846 0.2247596153846154
3 0.1502403846153846 0.12259615384615384 0.203125 0.2439903846153846
0 0.5420673076923077 0.18990384615384615 0.29086538461538464 0.22716346153846154
0 0.4266826923076923 0.203125 0.0829326923076923 0.14543269230769232
3 0.5504807692307693 0.9266826923076923 0.11057692307692307 0.14182692307692307
3 0.29086538461538464 0.4891826923076923 0.47115384615384615 0.5889423076923077
0 0.7608173076923077 0.5588942307692307 0.13221153846153846 0.2932692307692308
0 0.8725961538461539 0.6382211538461539 0.25 0.5697115384615384
0 0.4266826923076923 0.9290865384615384 0.09495192307692307 0.11177884615384616
3 0.96875 0.9663461538461539 0.057692307692307696 0.0625
3 0.8305288461538461 0.1814903846153846 0.21995192307692307 0.3629807692307692
3 0.9783653846153846 0.10576923076923077 0.038461538461538464 0.21153846153846154