0 0.5733173076923077 0.6262019230769231 0.23677884615384615 0.30528846153846156
0 0.3786057692307692 0.7980769230769231 0.04927884615384615 0.056490384615384616
0 0.7223557692307693 0.8269230769230769 0.3918269230769231 0.34134615384615385
0 0.47716346153846156 0.8557692307692307 0.29086538461538464 0.28365384615384615
0 0.453125 0.7079326923076923 0.06129807692307692 0.10576923076923077
0 0.3954326923076923 0.6057692307692307 0.07211538461538461 0.1141826923076923
0 0.7608173076923077 0.7199519230769231 0.09495192307692307 0.08173076923076923
0 0.4519230769230769 0.4699519230769231 0.24519230769230768 0.28725961538461536
2 0.37259615384615385 0.6923076923076923 0.17067307692307693 0.22716346153846154
3 0.9014423076923077 0.21995192307692307 0.12259615384615384 0.203125
0 0.06490384615384616 0.765625 0.12980769230769232 0.45913461538461536