3 0.021634615384615384 0.8762019230769231 0.04326923076923077 0.24278846153846154
3 0.8810096153846154 0.6694711538461539 0.23317307692307693 0.17548076923076922
1 0.5901442307692307 0.8341346153846154 0.11778846153846154 0.18028846153846154
0 0.9362980769230769 0.8149038461538461 0.12259615384615384 0.25
0 0.5540865384615384 0.22355769230769232 0.040865384615384616 0.0625
0 0.07211538461538461 0.578125 0.14302884615384615 0.42908653846153844
0 0.41225961538461536 0.7487980769230769 0.28966346153846156 0.2920673076923077
0 0.6814903846153846 0.9230769230769231 0.1971153846153846 0.15264423076923078
0 0.7367788461538461 0.6502403846153846 0.20072115384615385 0.4170673076923077
0 0.6646634615384616 0.4579326923076923 0.0889423076923077 0.07572115384615384
3 0.921875 0.9507211538461539 0.15504807692307693 0.09735576923076923