0 0.7572115384615384 0.3870192307692308 0.08774038461538461 0.17908653846153846
3 0.5132211538461539 0.9086538461538461 0.08413461538461539 0.1778846153846154
0 0.11538461538461539 0.6310096153846154 0.10336538461538461 0.20793269230769232
3 0.6021634615384616 0.36177884615384615 0.47836538461538464 0.7235576923076923
3 0.9194711538461539 0.1875 0.15625 0.3317307692307692
0 0.9098557692307693 0.4074519230769231 0.17548076923076922 0.47836538461538464
3 0.24759615384615385 0.12139423076923077 0.11177884615384616 0.24278846153846154
0 0.2439903846153846 0.8545673076923077 0.06490384615384616 0.26802884615384615
2 0.43149038461538464 0.8966346153846154 0.14182692307692307 0.20192307692307693
0 0.36899038461538464 0.6610576923076923 0.21995192307692307 0.41586538461538464
2 0.9747596153846154 0.890625 0.04567307692307692 0.12740384615384615
3 0.6334134615384616 0.8461538461538461 0.0985576923076923 0.16346153846153846
0 0.5144230769230769 0.5108173076923077 0.23798076923076922 0.1971153846153846
0 0.05048076923076923 0.27283653846153844 0.09975961538461539 0.42788461538461536
0 0.13341346153846154 0.8569711538461539 0.19951923076923078 0.28125
0 0.5637019230769231 0.8413461538461539 0.0625 0.14903846153846154
0 0.9663461538461539 0.8233173076923077 0.0625 0.24278846153846154
0 0.9723557692307693 0.9855769230769231 0.046875 0.027644230769230768