0 0.8629807692307693 0.5276442307692307 0.21394230769230768 0.18629807692307693
3 0.9867788461538461 0.5060096153846154 0.025240384615384616 0.05889423076923077
3 0.7019230769230769 0.6009615384615384 0.3701923076923077 0.35697115384615385
3 0.7992788461538461 0.9375 0.18028846153846154 0.1201923076923077
3 0.25600961538461536 0.375 0.11899038461538461 0.21514423076923078
3 0.3485576923076923 0.31971153846153844 0.028846153846153848 0.09495192307692307
0 0.15745192307692307 0.12139423076923077 0.31490384615384615 0.24278846153846154
0 0.5901442307692307 0.7560096153846154 0.09375 0.22355769230769232
2 0.7163461538461539 0.40024038461538464 0.13221153846153846 0.2644230769230769
0 0.07211538461538461 0.5865384615384616 0.14302884615384615 0.21995192307692307
0 0.06129807692307692 0.8257211538461539 0.12259615384615384 0.34375