0 0.7403846153846154 0.6298076923076923 0.15985576923076922 0.4110576923076923
3 0.5072115384615384 0.4987980769230769 0.4230769230769231 0.9975961538461539
3 0.6382211538461539 0.22355769230769232 0.1141826923076923 0.11057692307692307
3 0.039663461538461536 0.8653846153846154 0.07932692307692307 0.2644230769230769
3 0.6983173076923077 0.34975961538461536 0.10336538461538461 0.11538461538461539
0 0.24158653846153846 0.6526442307692307 0.29447115384615385 0.515625
0 0.41586538461538464 0.9387019230769231 0.04326923076923077 0.11778846153846154
0 0.5108173076923077 0.7524038461538461 0.11177884615384616 0.35096153846153844
0 0.9050480769230769 0.5444711538461539 0.1814903846153846 0.2403846153846154
3 0.9050480769230769 0.26802884615384615 0.18509615384615385 0.5360576923076923
3 0.2932692307692308 0.8173076923076923 0.3701923076923077 0.3605769230769231
3 0.2512019230769231 0.08052884615384616 0.11298076923076923 0.15985576923076922