3 0.040865384615384616 0.6201923076923077 0.08052884615384616 0.5637019230769231
0 0.32572115384615385 0.5480769230769231 0.20793269230769232 0.13221153846153846
3 0.25600961538461536 0.43990384615384615 0.03245192307692308 0.054086538461538464
3 0.796875 0.18990384615384615 0.31971153846153844 0.3798076923076923
0 0.6081730769230769 0.375 0.15144230769230768 0.22596153846153846
0 0.9591346153846154 0.3605769230769231 0.07692307692307693 0.22596153846153846
0 0.40024038461538464 0.4110576923076923 0.07572115384615384 0.22235576923076922
0 0.6658653846153846 0.7175480769230769 0.10336538461538461 0.23557692307692307
0 0.0985576923076923 0.5372596153846154 0.0733173076923077 0.17067307692307693
3 0.7596153846153846 0.9266826923076923 0.16826923076923078 0.14182692307692307
3 0.9182692307692307 0.7295673076923077 0.15865384615384615 0.5360576923076923
0 0.21995192307692307 0.41346153846153844 0.04567307692307692 0.08653846153846154