0 0.7415865384615384 0.45072115384615385 0.15504807692307693 0.35697115384615385
0 0.3401442307692308 0.12980769230769232 0.17067307692307693 0.25961538461538464
0 0.6129807692307693 0.7391826923076923 0.10216346153846154 0.2512019230769231
3 0.9086538461538461 0.7403846153846154 0.052884615384615384 0.0985576923076923
3 0.7560096153846154 0.18990384615384615 0.11298076923076923 0.14903846153846154
3 0.6310096153846154 0.3076923076923077 0.12259615384615384 0.15625
3 0.13581730769230768 0.78125 0.1875 0.18509615384615385
0 0.9855769230769231 0.3942307692307692 0.025240384615384616 0.04927884615384615
0 0.8677884615384616 0.46153846153846156 0.26322115384615385 0.47716346153846156
3 0.046875 0.27163461538461536 0.09375 0.23197115384615385
0 0.6778846153846154 0.4483173076923077 0.056490384615384616 0.11538461538461539
0 0.030048076923076924 0.6634615384615384 0.05889423076923077 0.15625
0 0.02283653846153846 0.9242788461538461 0.04567307692307692 0.1466346153846154