3 0.7584134615384616 0.5144230769230769 0.20673076923076922 0.6069711538461539
2 0.4951923076923077 0.07692307692307693 0.16346153846153846 0.15264423076923078
0 0.38221153846153844 0.6538461538461539 0.08653846153846154 0.13822115384615385
0 0.14903846153846154 0.4987980769230769 0.16466346153846154 0.5132211538461539
0 0.8725961538461539 0.6622596153846154 0.25 0.6129807692307693
0 0.04567307692307692 0.6995192307692307 0.09134615384615384 0.2548076923076923
0 0.04447115384615385 0.09375 0.08774038461538461 0.18269230769230768
3 0.3425480769230769 0.7139423076923077 0.14302884615384615 0.20072115384615385
0 0.054086538461538464 0.5396634615384616 0.10817307692307693 0.1466346153846154
0 0.203125 0.33052884615384615 0.11177884615384616 0.16105769230769232
3 0.578125 0.3870192307692308 0.1466346153846154 0.4266826923076923
0 0.4483173076923077 0.8617788461538461 0.17067307692307693 0.27163461538461536
1 0.3233173076923077 0.31490384615384615 0.08653846153846154 0.10216346153846154