0 0.36778846153846156 0.7644230769230769 0.23557692307692307 0.46634615384615385
0 0.09615384615384616 0.5697115384615384 0.19230769230769232 0.4326923076923077
3 0.04326923076923077 0.06490384615384616 0.08653846153846154 0.12980769230769232
0 0.5132211538461539 0.45072115384615385 0.17427884615384615 0.32211538461538464
3 0.5997596153846154 0.35336538461538464 0.09735576923076923 0.2247596153846154
0 0.8125 0.8004807692307693 0.23076923076923078 0.3942307692307692
3 0.4266826923076923 0.35216346153846156 0.16706730769230768 0.12980769230769232
0 0.9387019230769231 0.7884615384615384 0.11778846153846154 0.16346153846153846
0 0.9302884615384616 0.6646634615384616 0.1346153846153846 0.3245192307692308
0 0.9723557692307693 0.47836538461538464 0.054086538461538464 0.10216346153846154
0 0.27403846153846156 0.5324519230769231 0.09254807692307693 0.1778846153846154