0 0.2512019230769231 0.2704326923076923 0.12379807692307693 0.12740384615384615
3 0.4362980769230769 0.703125 0.2620192307692308 0.5889423076923077
0 0.703125 0.6887019230769231 0.42788461538461536 0.5096153846153846
0 0.08052884615384616 0.796875 0.0733173076923077 0.07692307692307693
0 0.014423076923076924 0.7115384615384616 0.028846153846153848 0.13942307692307693
0 0.8713942307692307 0.45072115384615385 0.1502403846153846 0.14182692307692307
1 0.5336538461538461 0.21033653846153846 0.09375 0.16826923076923078
0 0.07932692307692307 0.12860576923076922 0.15865384615384615 0.25721153846153844
0 0.84375 0.9423076923076923 0.1971153846153846 0.11057692307692307
0 0.9831730769230769 0.7379807692307693 0.028846153846153848 0.07692307692307693
0 0.32572115384615385 0.6189903846153846 0.16105769230769232 0.1935096153846154
0 0.2620192307692308 0.41586538461538464 0.20793269230769232 0.2764423076923077
2 0.6790865384615384 0.5841346153846154 0.11658653846153846 0.3161057692307692