0 0.49278846153846156 0.7283653846153846 0.19471153846153846 0.28365384615384615
0 0.47115384615384615 0.47716346153846156 0.09134615384615384 0.12259615384615384
3 0.8088942307692307 0.671875 0.08774038461538461 0.17067307692307693
3 0.4026442307692308 0.7439903846153846 0.265625 0.4807692307692308
0 0.05889423076923077 0.5649038461538461 0.11778846153846154 0.1778846153846154
3 0.02403846153846154 0.6274038461538461 0.046875 0.2127403846153846
0 0.5829326923076923 0.13341346153846154 0.1502403846153846 0.2668269230769231
3 0.765625 0.4182692307692308 0.17668269230769232 0.3016826923076923
2 0.28725961538461536 0.9543269230769231 0.1778846153846154 0.09014423076923077
3 0.5661057692307693 0.4483173076923077 0.15504807692307693 0.2620192307692308
3 0.8882211538461539 0.7560096153846154 0.21875 0.3918269230769231