0 0.9615384615384616 0.9050480769230769 0.07211538461538461 0.10817307692307693
0 0.59375 0.78125 0.28846153846153844 0.4362980769230769
3 0.5372596153846154 0.8233173076923077 0.09495192307692307 0.23076923076923078
0 0.26802884615384615 0.40865384615384615 0.1875 0.3233173076923077
3 0.5276442307692307 0.4543269230769231 0.25 0.4963942307692308
0 0.14903846153846154 0.6862980769230769 0.1935096153846154 0.24158653846153846
0 0.90625 0.5853365384615384 0.18269230769230768 0.6177884615384616
0 0.5721153846153846 0.125 0.125 0.13942307692307693
2 0.5564903846153846 0.18629807692307693 0.11057692307692307 0.08533653846153846
0 0.7836538461538461 0.9278846153846154 0.20673076923076922 0.13942307692307693
3 0.7079326923076923 0.44711538461538464 0.10817307692307693 0.2247596153846154