0 0.27403846153846156 0.9326923076923077 0.04807692307692308 0.12980769230769232
0 0.8918269230769231 0.10096153846153846 0.21514423076923078 0.20072115384615385
0 0.1045673076923077 0.6153846153846154 0.07572115384615384 0.18990384615384615
0 0.04807692307692308 0.8064903846153846 0.09615384615384616 0.16466346153846154
0 0.3557692307692308 0.7259615384615384 0.0829326923076923 0.0673076923076923
0 0.40024038461538464 0.8545673076923077 0.24278846153846154 0.2860576923076923
3 0.43028846153846156 0.46033653846153844 0.09375 0.28125
3 0.6045673076923077 0.5612980769230769 0.16706730769230768 0.265625
0 0.7151442307692307 0.5925480769230769 0.056490384615384616 0.18629807692307693
0 0.8305288461538461 0.7896634615384616 0.06971153846153846 0.1045673076923077
3 0.8209134615384616 0.4423076923076923 0.35697115384615385 0.6947115384615384