0 0.7980769230769231 0.7403846153846154 0.17548076923076922 0.4050480769230769
3 0.28725961538461536 0.23918269230769232 0.09134615384615384 0.109375
3 0.9122596153846154 0.44591346153846156 0.17067307692307693 0.3293269230769231
3 0.9038461538461539 0.7283653846153846 0.10096153846153846 0.23197115384615385
0 0.7139423076923077 0.08533653846153846 0.16826923076923078 0.16947115384615385
0 0.8737980769230769 0.5685096153846154 0.2512019230769231 0.13221153846153846
0 0.7127403846153846 0.23076923076923078 0.07692307692307693 0.16346153846153846
0 0.042067307692307696 0.8245192307692307 0.08413461538461539 0.34615384615384615
0 0.19591346153846154 0.5420673076923077 0.15865384615384615 0.25600961538461536
0 0.19951923076923078 0.8617788461538461 0.2403846153846154 0.27163461538461536
0 0.3401442307692308 0.8173076923076923 0.1310096153846154 0.29447115384615385
0 0.6286057692307693 0.7103365384615384 0.2620192307692308 0.5745192307692307
3 0.28966346153846156 0.12740384615384615 0.14423076923076922 0.1814903846153846
0 0.7980769230769231 0.4074519230769231 0.23557692307692307 0.22596153846153846
0 0.4579326923076923 0.24639423076923078 0.17067307692307693 0.23197115384615385