3 0.49278846153846156 0.32572115384615385 0.2776442307692308 0.5012019230769231
0 0.5060096153846154 0.1141826923076923 0.09375 0.0889423076923077
0 0.6574519230769231 0.06129807692307692 0.03125 0.057692307692307696
0 0.2608173076923077 0.21514423076923078 0.40625 0.43028846153846156
0 0.9314903846153846 0.6213942307692307 0.13221153846153846 0.28125
0 0.96875 0.9375 0.057692307692307696 0.1201923076923077
3 0.4423076923076923 0.5444711538461539 0.11538461538461539 0.06370192307692307
0 0.3173076923076923 0.7211538461538461 0.33653846153846156 0.3641826923076923
3 0.49759615384615385 0.8413461538461539 0.1971153846153846 0.3125
0 0.5733173076923077 0.08774038461538461 0.17908653846153846 0.17548076923076922
0 0.28846153846153844 0.8665865384615384 0.3701923076923077 0.2620192307692308
0 0.78125 0.45552884615384615 0.33052884615384615 0.5084134615384616