0 0.6189903846153846 0.7163461538461539 0.18028846153846154 0.30649038461538464
3 0.8125 0.057692307692307696 0.1346153846153846 0.1141826923076923
3 0.7319711538461539 0.8846153846153846 0.24278846153846154 0.22596153846153846
3 0.7355769230769231 0.7427884615384616 0.125 0.1346153846153846
0 0.3954326923076923 0.6899038461538461 0.20793269230769232 0.2127403846153846
3 0.3125 0.4567307692307692 0.1658653846153846 0.3918269230769231
0 0.9567307692307693 0.32211538461538464 0.08533653846153846 0.25961538461538464
0 0.875 0.6490384615384616 0.15865384615384615 0.2247596153846154
0 0.1622596153846154 0.9086538461538461 0.15384615384615385 0.09735576923076923
0 0.5637019230769231 0.3233173076923077 0.04807692307692308 0.13942307692307693
0 0.010817307692307692 0.9423076923076923 0.021634615384615384 0.046875
0 0.7079326923076923 0.25961538461538464 0.2848557692307692 0.3425480769230769