2 0.6706730769230769 0.25 0.1622596153846154 0.2644230769230769
3 0.8064903846153846 0.7451923076923077 0.38221153846153844 0.5048076923076923
3 0.20552884615384615 0.44350961538461536 0.4110576923076923 0.6189903846153846
0 0.02283653846153846 0.33774038461538464 0.04447115384615385 0.2776442307692308
0 0.24519230769230768 0.6935096153846154 0.3557692307692308 0.48677884615384615
2 0.4651442307692308 0.27283653846153844 0.1045673076923077 0.08653846153846154
3 0.3641826923076923 0.140625 0.2548076923076923 0.28125
2 0.5264423076923077 0.17427884615384615 0.16346153846153846 0.21754807692307693
0 0.9447115384615384 0.6754807692307693 0.10576923076923077 0.4182692307692308
3 0.9663461538461539 0.27283653846153844 0.0625 0.5456730769230769
3 0.9170673076923077 0.1045673076923077 0.13942307692307693 0.20793269230769232
3 0.13341346153846154 0.06009615384615385 0.2668269230769231 0.11899038461538461