0 0.4651442307692308 0.5132211538461539 0.12740384615384615 0.19951923076923078
0 0.08173076923076923 0.4254807692307692 0.16346153846153846 0.6225961538461539
0 0.026442307692307692 0.4206730769230769 0.052884615384615384 0.3942307692307692
0 0.8966346153846154 0.5889423076923077 0.20192307692307693 0.375
0 0.43149038461538464 0.8858173076923077 0.18028846153846154 0.22355769230769232
0 0.22115384615384615 0.45552884615384615 0.12139423076923077 0.16466346153846154
0 0.18269230769230768 0.41346153846153844 0.046875 0.08533653846153846
0 0.7632211538461539 0.5540865384615384 0.18990384615384615 0.4182692307692308
0 0.33653846153846156 0.5024038461538461 0.14423076923076922 0.3713942307692308
0 0.9182692307692307 0.12139423076923077 0.15865384615384615 0.24278846153846154
3 0.17668269230769232 0.8365384615384616 0.06490384615384616 0.18028846153846154
0 0.11778846153846154 0.2776442307692308 0.057692307692307696 0.1346153846153846