0 0.12139423076923077 0.20072115384615385 0.17668269230769232 0.24278846153846154
0 0.45913461538461536 0.5576923076923077 0.12379807692307693 0.24278846153846154
0 0.8930288461538461 0.6526442307692307 0.2091346153846154 0.37740384615384615
0 0.6658653846153846 0.8449519230769231 0.056490384615384616 0.07692307692307693
0 0.7692307692307693 0.8149038461538461 0.18990384615384615 0.2956730769230769
3 0.328125 0.6105769230769231 0.12379807692307693 0.20552884615384615
1 0.30408653846153844 0.5132211538461539 0.0889423076923077 0.17427884615384615
0 0.7800480769230769 0.43028846153846156 0.036057692307692304 0.11538461538461539
3 0.7536057692307693 0.5300480769230769 0.08533653846153846 0.0985576923076923
0 0.5745192307692307 0.47475961538461536 0.1045673076923077 0.1466346153846154
0 0.9831730769230769 0.6057692307692307 0.028846153846153848 0.1346153846153846
0 0.5949519230769231 0.8521634615384616 0.08774038461538461 0.1346153846153846
3 0.9146634615384616 0.2548076923076923 0.1658653846153846 0.36538461538461536