0 0.9158653846153846 0.42908653846153844 0.04326923076923077 0.171875
0 0.09975961538461539 0.43028846153846156 0.19951923076923078 0.2932692307692308
0 0.9134615384615384 0.2283653846153846 0.16826923076923078 0.36538461538461536
0 0.8990384615384616 0.8870192307692307 0.1875 0.22115384615384615
0 0.5108173076923077 0.5516826923076923 0.0829326923076923 0.1466346153846154
0 0.4375 0.7235576923076923 0.14903846153846154 0.17668269230769232
0 0.06370192307692307 0.8317307692307693 0.12740384615384615 0.3076923076923077
0 0.203125 0.6057692307692307 0.0829326923076923 0.18509615384615385
0 0.2824519230769231 0.4098557692307692 0.078125 0.09134615384615384
0 0.33653846153846156 0.2091346153846154 0.15504807692307693 0.3485576923076923
0 0.5817307692307693 0.35336538461538464 0.18870192307692307 0.2860576923076923
0 0.8173076923076923 0.2283653846153846 0.10096153846153846 0.14903846153846154