3 0.9435096153846154 0.8149038461538461 0.10817307692307693 0.2403846153846154
3 0.3870192307692308 0.8774038461538461 0.1971153846153846 0.2403846153846154
3 0.1622596153846154 0.23918269230769232 0.3245192307692308 0.44471153846153844
2 0.859375 0.12620192307692307 0.27884615384615385 0.19110576923076922
0 0.4855769230769231 0.875 0.23557692307692307 0.24519230769230768
0 0.037259615384615384 0.6153846153846154 0.0733173076923077 0.29927884615384615
0 0.7716346153846154 0.5324519230769231 0.17548076923076922 0.4579326923076923
2 0.5841346153846154 0.12980769230769232 0.06129807692307692 0.234375
0 0.7860576923076923 0.25841346153846156 0.15985576923076922 0.22355769230769232
0 0.6394230769230769 0.11899038461538461 0.11177884615384616 0.23798076923076922
0 0.6911057692307693 0.7980769230769231 0.47596153846153844 0.4026442307692308