3 0.6899038461538461 0.6165865384615384 0.13942307692307693 0.21634615384615385
3 0.6009615384615384 0.7680288461538461 0.17908653846153846 0.3317307692307692
3 0.7824519230769231 0.8341346153846154 0.20072115384615385 0.33052884615384615
3 0.037259615384615384 0.8954326923076923 0.07451923076923077 0.15384615384615385
2 0.49399038461538464 0.11658653846153846 0.22115384615384615 0.22956730769230768
0 0.10096153846153846 0.8677884615384616 0.20192307692307693 0.25961538461538464
0 0.3954326923076923 0.515625 0.19110576923076922 0.47716346153846156
2 0.22716346153846154 0.06971153846153846 0.04447115384615385 0.13581730769230768
0 0.4170673076923077 0.22716346153846154 0.15745192307692307 0.22355769230769232
0 0.29927884615384615 0.06009615384615385 0.13701923076923078 0.11778846153846154
0 0.3004807692307692 0.7908653846153846 0.4543269230769231 0.41466346153846156
0 0.2283653846153846 0.16826923076923078 0.037259615384615384 0.06129807692307692