0 0.9278846153846154 0.5120192307692307 0.13942307692307693 0.5673076923076923
3 0.5276442307692307 0.6237980769230769 0.14783653846153846 0.20552884615384615
3 0.4375 0.7560096153846154 0.17307692307692307 0.34615384615384615
3 0.6334134615384616 0.828125 0.21394230769230768 0.3425480769230769
2 0.3389423076923077 0.12620192307692307 0.2127403846153846 0.25240384615384615
0 0.2091346153846154 0.5096153846153846 0.12620192307692307 0.4879807692307692
2 0.06490384615384616 0.06610576923076923 0.0673076923076923 0.13221153846153846
0 0.2608173076923077 0.22956730769230768 0.14903846153846154 0.22115384615384615
0 0.15504807692307693 0.046875 0.15865384615384615 0.09134615384615384
0 0.18990384615384615 0.8293269230769231 0.3762019230769231 0.3389423076923077
0 0.0673076923076923 0.140625 0.039663461538461536 0.0625