0 0.8822115384615384 0.7151442307692307 0.11538461538461539 0.1658653846153846
3 0.8197115384615384 0.8858173076923077 0.2283653846153846 0.22716346153846154
3 0.47115384615384615 0.23197115384615385 0.4050480769230769 0.4579326923076923
3 0.38341346153846156 0.13701923076923078 0.36899038461538464 0.2704326923076923
2 0.06129807692307692 0.15264423076923078 0.11899038461538461 0.18389423076923078
0 0.8689903846153846 0.8822115384615384 0.24759615384615385 0.23317307692307693
0 0.36538461538461536 0.6177884615384616 0.27403846153846156 0.36538461538461536
0 0.04927884615384615 0.796875 0.0985576923076923 0.4014423076923077
2 0.9086538461538461 0.19951923076923078 0.08774038461538461 0.20432692307692307
0 0.7211538461538461 0.9375 0.030048076923076924 0.08653846153846154
0 0.9603365384615384 0.15865384615384615 0.07451923076923077 0.24519230769230768
3 0.35096153846153844 0.37740384615384615 0.16346153846153846 0.14783653846153846