3 0.7319711538461539 0.8822115384615384 0.20432692307692307 0.23076923076923078
3 0.3870192307692308 0.20673076923076922 0.4423076923076923 0.41346153846153844
3 0.2932692307692308 0.13581730769230768 0.3545673076923077 0.27163461538461536
0 0.7944711538461539 0.8810096153846154 0.25240384615384615 0.23317307692307693
0 0.27884615384615385 0.6129807692307693 0.26802884615384615 0.36538461538461536
0 0.9855769230769231 0.5552884615384616 0.02403846153846154 0.40384615384615385
2 0.8461538461538461 0.1935096153846154 0.08653846153846154 0.19230769230769232
2 0.9747596153846154 0.08533653846153846 0.04567307692307692 0.0985576923076923
0 0.6454326923076923 0.9338942307692307 0.028846153846153848 0.08173076923076923
0 0.9230769230769231 0.13701923076923078 0.125 0.27403846153846156
0 0.8762019230769231 0.8100961538461539 0.24639423076923078 0.3737980769230769
3 0.2800480769230769 0.36658653846153844 0.15985576923076922 0.15144230769230768