3 0.9603365384615384 0.6478365384615384 0.078125 0.13701923076923078
3 0.9098557692307693 0.7872596153846154 0.17908653846153846 0.3088942307692308
3 0.2932692307692308 0.8762019230769231 0.22115384615384615 0.24278846153846154
3 0.125 0.21634615384615385 0.25 0.4326923076923077
2 0.7872596153846154 0.11899038461538461 0.26802884615384615 0.20192307692307693
0 0.40024038461538464 0.8737980769230769 0.22956730769230768 0.25
0 0.6959134615384616 0.5288461538461539 0.17548076923076922 0.4639423076923077
2 0.5120192307692307 0.06850961538461539 0.055288461538461536 0.12860576923076922
0 0.7103365384615384 0.24879807692307693 0.15985576923076922 0.21033653846153846
0 0.5709134615384616 0.11538461538461539 0.12259615384615384 0.23076923076923078
0 0.6069711538461539 0.7944711538461539 0.46033653846153844 0.40865384615384615