3 0.9026442307692307 0.6466346153846154 0.1045673076923077 0.14182692307692307
3 0.8461538461538461 0.7788461538461539 0.20072115384615385 0.30528846153846156
3 0.9459134615384616 0.8365384615384616 0.10336538461538461 0.32211538461538464
3 0.19831730769230768 0.8737980769230769 0.24278846153846154 0.24759615384615385
3 0.09975961538461539 0.21153846153846154 0.19951923076923078 0.4230769230769231
2 0.7091346153846154 0.11057692307692307 0.2704326923076923 0.21394230769230768
0 0.31971153846153844 0.8701923076923077 0.23076923076923078 0.2548076923076923
0 0.6237980769230769 0.5276442307692307 0.18509615384615385 0.4699519230769231
2 0.4411057692307692 0.0673076923076923 0.039663461538461536 0.12620192307692307
0 0.6370192307692307 0.24519230769230768 0.15865384615384615 0.21634615384615385
0 0.5 0.11177884615384616 0.12860576923076922 0.22235576923076922
0 0.5252403846153846 0.7920673076923077 0.44711538461538464 0.41466346153846156