0 0.9603365384615384 0.5444711538461539 0.07451923076923077 0.5072115384615384
3 0.6081730769230769 0.6298076923076923 0.14543269230769232 0.18629807692307693
3 0.5180288461538461 0.7620192307692307 0.17548076923076922 0.34375
3 0.7091346153846154 0.8341346153846154 0.2091346153846154 0.3245192307692308
2 0.41225961538461536 0.12620192307692307 0.2247596153846154 0.24879807692307693
0 0.06129807692307692 0.8653846153846154 0.12139423076923077 0.26802884615384615
0 0.2848557692307692 0.5108173076923077 0.12620192307692307 0.4795673076923077
2 0.1466346153846154 0.0673076923076923 0.054086538461538464 0.13341346153846154
0 0.33774038461538464 0.22956730769230768 0.15144230769230768 0.23317307692307693
0 0.22355769230769232 0.055288461538461536 0.13581730769230768 0.10817307692307693
0 0.22596153846153846 0.7872596153846154 0.4519230769230769 0.4206730769230769
0 0.14903846153846154 0.15865384615384615 0.037259615384615384 0.06971153846153846