0 0.9459134615384616 0.7331730769230769 0.10336538461538461 0.18269230769230768
3 0.8882211538461539 0.8894230769230769 0.21875 0.21634615384615385
3 0.5420673076923077 0.24278846153846154 0.40384615384615385 0.48197115384615385
3 0.46634615384615385 0.14783653846153846 0.38221153846153844 0.29447115384615385
2 0.109375 0.16466346153846154 0.1622596153846154 0.18389423076923078
0 0.9098557692307693 0.8677884615384616 0.17908653846153846 0.19230769230769232
0 0.44711538461538464 0.6117788461538461 0.28846153846153844 0.3449519230769231
0 0.08653846153846154 0.765625 0.171875 0.4651442307692308
2 0.9639423076923077 0.20793269230769232 0.0673076923076923 0.21875
0 0.7932692307692307 0.9399038461538461 0.03245192307692308 0.08653846153846154
3 0.41586538461538464 0.3737980769230769 0.15144230769230768 0.16105769230769232