2 0.37259615384615385 0.5240384615384616 0.15745192307692307 0.19230769230769232
3 0.1622596153846154 0.3545673076923077 0.3233173076923077 0.6322115384615384
3 0.6081730769230769 0.8858173076923077 0.15264423076923078 0.109375
2 0.16826923076923078 0.9483173076923077 0.0673076923076923 0.0985576923076923
0 0.23918269230769232 0.9723557692307693 0.04927884615384615 0.054086538461538464
0 0.10336538461538461 0.9350961538461539 0.08173076923076923 0.12860576923076922
0 0.2668269230769231 0.6201923076923077 0.23677884615384615 0.1971153846153846
0 0.44591346153846156 0.18269230769230768 0.14182692307692307 0.3425480769230769
0 0.3713942307692308 0.3473557692307692 0.09375 0.17548076923076922
0 0.5721153846153846 0.47475961538461536 0.22115384615384615 0.3076923076923077
0 0.9050480769230769 0.6382211538461539 0.07572115384615384 0.14783653846153846
0 0.7776442307692307 0.9735576923076923 0.0733173076923077 0.051682692307692304