0 0.06610576923076923 0.6045673076923077 0.13221153846153846 0.18509615384615385
2 0.11899038461538461 0.5264423076923077 0.15625 0.21875
3 0.04927884615384615 0.2548076923076923 0.0985576923076923 0.48197115384615385
3 0.36899038461538464 0.8846153846153846 0.15745192307692307 0.09735576923076923
2 0.018028846153846152 0.9495192307692307 0.036057692307692304 0.09615384615384616
0 0.09375 0.9399038461538461 0.14423076923076922 0.11538461538461539
0 0.234375 0.17067307692307693 0.12860576923076922 0.3401442307692308
0 0.15264423076923078 0.33413461538461536 0.09615384615384616 0.17307692307692307
0 0.35697115384615385 0.46033653846153844 0.21995192307692307 0.3112980769230769
0 0.6778846153846154 0.6334134615384616 0.07932692307692307 0.17067307692307693
0 0.5516826923076923 0.9723557692307693 0.0985576923076923 0.05048076923076923