3 0.44350961538461536 0.25600961538461536 0.31850961538461536 0.3485576923076923
0 0.9675480769230769 0.8257211538461539 0.06009615384615385 0.3389423076923077
3 0.7403846153846154 0.3858173076923077 0.1622596153846154 0.29447115384615385
0 0.7175480769230769 0.5793269230769231 0.359375 0.3870192307692308
3 0.8798076923076923 0.7524038461538461 0.23918269230769232 0.4266826923076923
0 0.6610576923076923 0.9002403846153846 0.14423076923076922 0.19471153846153846
0 0.859375 0.4639423076923077 0.13221153846153846 0.21995192307692307
0 0.7740384615384616 0.8401442307692307 0.18870192307692307 0.15625
0 0.07211538461538461 0.9194711538461539 0.09254807692307693 0.15985576923076922
0 0.3870192307692308 0.8329326923076923 0.19471153846153846 0.2548076923076923
0 0.6490384615384616 0.8064903846153846 0.04807692307692308 0.09735576923076923