0 0.40384615384615385 0.9627403846153846 0.04807692307692308 0.06971153846153846
2 0.6165865384615384 0.5348557692307693 0.17427884615384615 0.18629807692307693
3 0.39783653846153844 0.36658653846153844 0.3076923076923077 0.6153846153846154
3 0.8365384615384616 0.8834134615384616 0.14543269230769232 0.1141826923076923
2 0.33653846153846156 0.9423076923076923 0.11538461538461539 0.11057692307692307
0 0.078125 0.31490384615384615 0.1201923076923077 0.1310096153846154
0 0.28125 0.9026442307692307 0.12139423076923077 0.1935096153846154
0 0.5168269230769231 0.6346153846153846 0.2439903846153846 0.19831730769230768
0 0.6538461538461539 0.19110576923076922 0.15504807692307693 0.3245192307692308
0 0.5841346153846154 0.33413461538461536 0.06850961538461539 0.13701923076923078
0 0.7836538461538461 0.44350961538461536 0.21754807692307693 0.234375
0 0.9795673076923077 0.9735576923076923 0.036057692307692304 0.04807692307692308