0 0.9375 0.7824519230769231 0.06370192307692307 0.13701923076923078
0 0.5168269230769231 0.4495192307692308 0.07692307692307693 0.19951923076923078
0 0.5192307692307693 0.5865384615384616 0.3737980769230769 0.4735576923076923
0 0.953125 0.5492788461538461 0.0889423076923077 0.25240384615384615
0 0.8088942307692307 0.7644230769230769 0.23677884615384615 0.20793269230769232
0 0.7992788461538461 0.4639423076923077 0.09254807692307693 0.1346153846153846
0 0.7860576923076923 0.5300480769230769 0.054086538461538464 0.08533653846153846
0 0.7824519230769231 0.890625 0.10216346153846154 0.1310096153846154
0 0.7103365384615384 0.48197115384615385 0.29447115384615385 0.4387019230769231
3 0.7019230769230769 0.7668269230769231 0.08653846153846154 0.203125
0 0.36177884615384615 0.02283653846153846 0.078125 0.04567307692307692
0 0.5420673076923077 0.8774038461538461 0.21875 0.24278846153846154