0 0.5961538461538461 0.328125 0.08052884615384616 0.11778846153846154
0 0.5709134615384616 0.234375 0.09975961538461539 0.18269230769230768
0 0.16947115384615385 0.2644230769230769 0.3269230769230769 0.5240384615384616
3 0.4074519230769231 0.6598557692307693 0.06129807692307692 0.06009615384615385
0 0.8689903846153846 0.8389423076923077 0.06370192307692307 0.057692307692307696
3 0.3762019230769231 0.5420673076923077 0.06610576923076923 0.15504807692307693
0 0.5973557692307693 0.4326923076923077 0.09975961538461539 0.1201923076923077
0 0.9555288461538461 0.7199519230769231 0.08413461538461539 0.20432692307692307
0 0.042067307692307696 0.6850961538461539 0.08413461538461539 0.17307692307692307
0 0.2620192307692308 0.9170673076923077 0.25 0.16105769230769232
0 0.7355769230769231 0.17427884615384615 0.15264423076923078 0.27884615384615385