0 0.5096153846153846 0.24639423076923078 0.2920673076923077 0.49278846153846156
3 0.953125 0.6069711538461539 0.0889423076923077 0.23317307692307693
0 0.33052884615384615 0.8185096153846154 0.09735576923076923 0.171875
3 0.05048076923076923 0.75 0.09975961538461539 0.16105769230769232
0 0.021634615384615384 0.057692307692307696 0.04326923076923077 0.11538461538461539
0 0.5661057692307693 0.7668269230769231 0.38221153846153844 0.28365384615384615
3 0.9591346153846154 0.8353365384615384 0.08052884615384616 0.13701923076923078
0 0.6141826923076923 0.6538461538461539 0.30408653846153844 0.2764423076923077
0 0.5384615384615384 0.37259615384615385 0.171875 0.27283653846153844
3 0.5889423076923077 0.47115384615384615 0.21875 0.35216346153846156
0 0.140625 0.6550480769230769 0.28125 0.3894230769230769
0 0.2536057692307692 0.4362980769230769 0.3004807692307692 0.5084134615384616