2 0.953125 0.4639423076923077 0.0889423076923077 0.21153846153846154
3 0.08413461538461539 0.41586538461538464 0.16826923076923078 0.5973557692307693
0 0.7932692307692307 0.4567307692307692 0.2091346153846154 0.31971153846153844
0 0.9783653846153846 0.6814903846153846 0.038461538461538464 0.08413461538461539
2 0.6298076923076923 0.4675480769230769 0.16466346153846154 0.17067307692307693
0 0.6201923076923077 0.38822115384615385 0.08774038461538461 0.08653846153846154
0 0.5336538461538461 0.828125 0.3389423076923077 0.31009615384615385
0 0.5721153846153846 0.5913461538461539 0.056490384615384616 0.10096153846153846
0 0.5348557692307693 0.07211538461538461 0.040865384615384616 0.14423076923076922
0 0.3918269230769231 0.19831730769230768 0.2932692307692308 0.3954326923076923
0 0.9639423076923077 0.7956730769230769 0.0673076923076923 0.09615384615384616