0 0.46274038461538464 0.23557692307692307 0.17668269230769232 0.34375
0 0.96875 0.9110576923076923 0.057692307692307696 0.17307692307692307
0 0.6670673076923077 0.7427884615384616 0.09735576923076923 0.1310096153846154
0 0.8028846153846154 0.7668269230769231 0.12740384615384615 0.23798076923076922
3 0.14783653846153846 0.15144230769230768 0.2956730769230769 0.30288461538461536
3 0.7211538461538461 0.6586538461538461 0.08173076923076923 0.052884615384615384
3 0.515625 0.38341346153846156 0.10096153846153846 0.24519230769230768
0 0.8701923076923077 0.4879807692307692 0.2548076923076923 0.2932692307692308
0 0.5060096153846154 0.7788461538461539 0.18990384615384615 0.3137019230769231
0 0.453125 0.5060096153846154 0.1466346153846154 0.25841346153846156
3 0.9735576923076923 0.19591346153846154 0.04807692307692308 0.14182692307692307