3 0.8605769230769231 0.890625 0.23197115384615385 0.21634615384615385
0 0.4855769230769231 0.125 0.10697115384615384 0.15144230769230768
0 0.890625 0.8052884615384616 0.16706730769230768 0.14783653846153846
0 0.9507211538461539 0.6995192307692307 0.09375 0.2980769230769231
3 0.6298076923076923 0.49759615384615385 0.11899038461538461 0.24639423076923078
3 0.41586538461538464 0.90625 0.10096153846153846 0.18269230769230768
3 0.4326923076923077 0.4230769230769231 0.109375 0.2620192307692308
0 0.9026442307692307 0.3641826923076923 0.10096153846153846 0.21394230769230768
3 0.21875 0.5685096153846154 0.25 0.5384615384615384
3 0.13341346153846154 0.17067307692307693 0.2668269230769231 0.34134615384615385
3 0.4987980769230769 0.2692307692307692 0.15625 0.27163461538461536