3 0.7884615384615384 0.8341346153846154 0.2548076923076923 0.3269230769230769
3 0.40625 0.14423076923076922 0.3317307692307692 0.28725961538461536
3 0.7079326923076923 0.24639423076923078 0.12980769230769232 0.17548076923076922
0 0.8016826923076923 0.40625 0.22716346153846154 0.3245192307692308
3 0.41586538461538464 0.3942307692307692 0.15144230769230768 0.2704326923076923
0 0.18990384615384615 0.296875 0.3798076923076923 0.38822115384615385
0 0.37259615384615385 0.5240384615384616 0.09375 0.09134615384615384
0 0.03125 0.8449519230769231 0.0625 0.30528846153846156
3 0.45552884615384615 0.28725961538461536 0.051682692307692304 0.1201923076923077
0 0.8677884615384616 0.65625 0.20072115384615385 0.30649038461538464
0 0.9483173076923077 0.5829326923076923 0.0985576923076923 0.5072115384615384