0 0.35216346153846156 0.41225961538461536 0.296875 0.20072115384615385
0 0.4110576923076923 0.875 0.20192307692307693 0.24519230769230768
0 0.5913461538461539 0.8858173076923077 0.09975961538461539 0.22235576923076922
0 0.1346153846153846 0.5372596153846154 0.06610576923076923 0.051682692307692304
0 0.1141826923076923 0.6165865384615384 0.04567307692307692 0.057692307692307696
0 0.5480769230769231 0.6057692307692307 0.15625 0.18028846153846154
0 0.5276442307692307 0.4519230769230769 0.140625 0.09735576923076923
0 0.8137019230769231 0.7127403846153846 0.36778846153846156 0.5697115384615384
0 0.20432692307692307 0.7115384615384616 0.2091346153846154 0.3076923076923077
0 0.23798076923076922 0.4795673076923077 0.1658653846153846 0.1502403846153846
0 0.3786057692307692 0.6418269230769231 0.17067307692307693 0.21033653846153846