0 0.9735576923076923 0.30408653846153844 0.04807692307692308 0.12259615384615384
3 0.9579326923076923 0.48677884615384615 0.0829326923076923 0.3269230769230769
0 0.8665865384615384 0.6694711538461539 0.265625 0.2920673076923077
0 0.03485576923076923 0.5504807692307693 0.06971153846153846 0.33533653846153844
0 0.734375 0.36658653846153844 0.15144230769230768 0.34134615384615385
2 0.5733173076923077 0.6538461538461539 0.12740384615384615 0.44350961538461536
3 0.7560096153846154 0.11177884615384616 0.13581730769230768 0.22355769230769232
3 0.5841346153846154 0.037259615384615384 0.21033653846153846 0.07451923076923077
0 0.4387019230769231 0.09014423076923077 0.13822115384615385 0.17908653846153846
0 0.8798076923076923 0.4483173076923077 0.10216346153846154 0.18629807692307693
0 0.6129807692307693 0.22115384615384615 0.07932692307692307 0.28966346153846156