3 0.2692307692307692 0.3004807692307692 0.140625 0.18269230769230768
0 0.39783653846153844 0.8016826923076923 0.07692307692307693 0.08052884615384616
0 0.8810096153846154 0.5985576923076923 0.16706730769230768 0.23918269230769232
0 0.9555288461538461 0.765625 0.08413461538461539 0.15625
0 0.7956730769230769 0.5036057692307693 0.12379807692307693 0.171875
0 0.7620192307692307 0.7800480769230769 0.20673076923076922 0.23798076923076922
0 0.6875 0.5973557692307693 0.09975961538461539 0.21033653846153846
3 0.7415865384615384 0.6262019230769231 0.11899038461538461 0.18870192307692307
3 0.5600961538461539 0.04326923076923077 0.10096153846153846 0.08653846153846154
0 0.02283653846153846 0.8569711538461539 0.04567307692307692 0.19951923076923078
0 0.48197115384615385 0.8088942307692307 0.09375 0.09975961538461539
0 0.8677884615384616 0.8689903846153846 0.24519230769230768 0.25721153846153844