0 0.3161057692307692 0.5228365384615384 0.36658653846153844 0.296875
0 0.6057692307692307 0.49278846153846156 0.2692307692307692 0.2932692307692308
3 0.9519230769230769 0.6069711538461539 0.09134615384615384 0.11298076923076923
0 0.7115384615384616 0.28365384615384615 0.10336538461538461 0.3641826923076923
3 0.8425480769230769 0.78125 0.14182692307692307 0.16346153846153846
3 0.9819711538461539 0.8197115384615384 0.03125 0.08173076923076923
3 0.46153846153846156 0.4230769230769231 0.1971153846153846 0.29086538461538464
0 0.90625 0.3449519230769231 0.18269230769230768 0.43990384615384615
3 0.9098557692307693 0.9807692307692307 0.078125 0.037259615384615384
0 0.9206730769230769 0.7752403846153846 0.15384615384615385 0.16105769230769232
3 0.6622596153846154 0.5973557692307693 0.15985576923076922 0.140625
0 0.2091346153846154 0.3737980769230769 0.17427884615384615 0.2980769230769231
0 0.8425480769230769 0.5841346153846154 0.13942307692307693 0.1622596153846154