0 0.6742788461538461 0.546875 0.14903846153846154 0.27403846153846156
0 0.6081730769230769 0.32091346153846156 0.13822115384615385 0.24879807692307693
3 0.53125 0.4639423076923077 0.1778846153846154 0.33774038461538464
0 0.4266826923076923 0.6550480769230769 0.27283653846153844 0.3004807692307692
0 0.9459134615384616 0.7223557692307693 0.09375 0.23197115384615385
0 0.30288461538461536 0.3329326923076923 0.15144230769230768 0.35697115384615385
2 0.11298076923076923 0.6322115384615384 0.125 0.4519230769230769
3 0.4110576923076923 0.06129807692307692 0.1346153846153846 0.12259615384615384
0 0.03485576923076923 0.028846153846153848 0.06971153846153846 0.057692307692307696
0 0.41947115384615385 0.41947115384615385 0.07932692307692307 0.18990384615384615
3 0.23677884615384615 0.019230769230769232 0.06370192307692307 0.038461538461538464
0 0.18990384615384615 0.1971153846153846 0.06850961538461539 0.28966346153846156