0 0.3233173076923077 0.7115384615384616 0.16947115384615385 0.35697115384615385
0 0.5649038461538461 0.41586538461538464 0.3473557692307692 0.49399038461538464
0 0.2127403846153846 0.24278846153846154 0.052884615384615384 0.06370192307692307
0 0.2764423076923077 0.2980769230769231 0.03485576923076923 0.11298076923076923
0 0.21754807692307693 0.5012019230769231 0.037259615384615384 0.07091346153846154
3 0.4807692307692308 0.1346153846153846 0.2536057692307692 0.2692307692307692
2 0.9375 0.7331730769230769 0.1201923076923077 0.40384615384615385
3 0.8894230769230769 0.36177884615384615 0.11177884615384616 0.2536057692307692
3 0.6658653846153846 0.16826923076923078 0.21754807692307693 0.33653846153846156
3 0.08774038461538461 0.15865384615384615 0.17427884615384615 0.23798076923076922
3 0.056490384615384616 0.6418269230769231 0.11298076923076923 0.5420673076923077