0 0.9050480769230769 0.5649038461538461 0.15144230769230768 0.25
0 0.8088942307692307 0.33052884615384615 0.12139423076923077 0.234375
3 0.7680288461538461 0.48197115384615385 0.16947115384615385 0.3245192307692308
0 0.6598557692307693 0.6622596153846154 0.2932692307692308 0.2980769230769231
0 0.5252403846153846 0.34375 0.16346153846153846 0.35697115384615385
2 0.34375 0.6430288461538461 0.12379807692307693 0.44711538461538464
3 0.5961538461538461 0.08774038461538461 0.14903846153846154 0.17548076923076922
3 0.30649038461538464 0.027644230769230768 0.03125 0.054086538461538464
0 0.2247596153846154 0.08173076923076923 0.12740384615384615 0.1622596153846154
0 0.6550480769230769 0.4362980769230769 0.09134615384615384 0.20192307692307693
3 0.44350961538461536 0.021634615384615384 0.12139423076923077 0.042067307692307696
0 0.39663461538461536 0.203125 0.06610576923076923 0.3112980769230769