0 0.8209134615384616 0.8846153846153846 0.042067307692307696 0.04567307692307692
0 0.8449519230769231 0.14182692307692307 0.08653846153846154 0.06129807692307692
2 0.5180288461538461 0.0829326923076923 0.15384615384615385 0.1658653846153846
3 0.7680288461538461 0.04567307692307692 0.16105769230769232 0.09134615384615384
3 0.9002403846153846 0.41466346153846156 0.10096153846153846 0.10216346153846154
0 0.5492788461538461 0.36538461538461536 0.0733173076923077 0.09735576923076923
0 0.06971153846153846 0.390625 0.13942307692307693 0.24519230769230768
0 0.078125 0.8786057692307693 0.15625 0.23798076923076922
0 0.07572115384615384 0.6490384615384616 0.1502403846153846 0.11057692307692307
0 0.3581730769230769 0.9182692307692307 0.20673076923076922 0.15865384615384615
0 0.46634615384615385 0.7956730769230769 0.0889423076923077 0.19831730769230768
0 0.6057692307692307 0.16466346153846154 0.13822115384615385 0.17908653846153846