0 0.10216346153846154 0.21995192307692307 0.20432692307692307 0.43990384615384615
0 0.7475961538461539 0.6129807692307693 0.3004807692307692 0.39663461538461536
3 0.9627403846153846 0.7752403846153846 0.06971153846153846 0.2764423076923077
0 0.8966346153846154 0.2980769230769231 0.20192307692307693 0.34134615384615385
2 0.3125 0.030048076923076924 0.0625 0.06009615384615385
0 0.4423076923076923 0.7391826923076923 0.030048076923076924 0.09375
0 0.47596153846153844 0.8725961538461539 0.039663461538461536 0.05889423076923077
0 0.5204326923076923 0.7211538461538461 0.08052884615384616 0.0889423076923077
0 0.7716346153846154 0.28365384615384615 0.10336538461538461 0.3545673076923077
0 0.9579326923076923 0.11177884615384616 0.07932692307692307 0.22355769230769232
3 0.22596153846153846 0.2704326923076923 0.13942307692307693 0.5408653846153846