3 0.8341346153846154 0.8918269230769231 0.09014423076923077 0.21514423076923078
3 0.18028846153846154 0.3317307692307692 0.1141826923076923 0.17908653846153846
3 0.3629807692307692 0.125 0.1045673076923077 0.16706730769230768
3 0.47716346153846156 0.5372596153846154 0.13942307692307693 0.31490384615384615
3 0.8557692307692307 0.75 0.12860576923076922 0.18389423076923078
3 0.6237980769230769 0.7524038461538461 0.2091346153846154 0.36177884615384615
3 0.9254807692307693 0.5997596153846154 0.14783653846153846 0.2776442307692308
0 0.8521634615384616 0.3545673076923077 0.1346153846153846 0.2403846153846154
0 0.8617788461538461 0.6610576923076923 0.2091346153846154 0.19591346153846154
0 0.6129807692307693 0.4254807692307692 0.24158653846153846 0.2512019230769231
2 0.07932692307692307 0.8629807692307693 0.11658653846153846 0.17668269230769232