3 0.18389423076923078 0.7956730769230769 0.2704326923076923 0.3870192307692308
3 0.8978365384615384 0.14543269230769232 0.19951923076923078 0.29086538461538464
0 0.8786057692307693 0.8413461538461539 0.11298076923076923 0.3161057692307692
0 0.05048076923076923 0.22716346153846154 0.10096153846153846 0.3858173076923077
0 0.24158653846153846 0.2860576923076923 0.30649038461538464 0.4110576923076923
3 0.4699519230769231 0.33533653846153844 0.06370192307692307 0.19110576923076922
3 0.6538461538461539 0.25600961538461536 0.12620192307692307 0.18509615384615385
3 0.8004807692307693 0.37740384615384615 0.2247596153846154 0.22956730769230768
3 0.5889423076923077 0.08533653846153846 0.14423076923076922 0.17067307692307693
0 0.6069711538461539 0.6382211538461539 0.19951923076923078 0.3245192307692308
0 0.3485576923076923 0.10697115384615384 0.16947115384615385 0.21394230769230768
0 0.04927884615384615 0.5588942307692307 0.0985576923076923 0.24759615384615385