0 0.7512019230769231 0.5540865384615384 0.1502403846153846 0.265625
0 0.6766826923076923 0.3233173076923077 0.13581730769230768 0.23677884615384615
3 0.6057692307692307 0.47475961538461536 0.17548076923076922 0.35096153846153844
0 0.5048076923076923 0.6550480769230769 0.28125 0.296875
0 0.9819711538461539 0.7271634615384616 0.03125 0.24278846153846154
0 0.375 0.3401442307692308 0.14783653846153846 0.35216346153846156
2 0.19110576923076922 0.6358173076923077 0.12379807692307693 0.45072115384615385
3 0.47115384615384615 0.06971153846153846 0.13221153846153846 0.13942307692307693
0 0.07211538461538461 0.057692307692307696 0.13221153846153846 0.11538461538461539
0 0.5 0.4266826923076923 0.08052884615384616 0.20072115384615385
3 0.30528846153846156 0.021634615384615384 0.0829326923076923 0.04326923076923077
0 0.25961538461538464 0.20432692307692307 0.06370192307692307 0.2860576923076923