3 0.4387019230769231 0.09134615384615384 0.07932692307692307 0.18269230769230768
0 0.9447115384615384 0.8461538461538461 0.10576923076923077 0.21153846153846154
3 0.4098557692307692 0.8858173076923077 0.11298076923076923 0.22355769230769232
3 0.11899038461538461 0.9735576923076923 0.07451923076923077 0.04807692307692308
3 0.17307692307692307 0.8076923076923077 0.078125 0.14302884615384615
0 0.12620192307692307 0.5685096153846154 0.1622596153846154 0.19591346153846154
0 0.24879807692307693 0.3137019230769231 0.2548076923076923 0.47475961538461536
3 0.40865384615384615 0.5228365384615384 0.10216346153846154 0.1622596153846154
0 0.9807692307692307 0.5012019230769231 0.03365384615384615 0.07932692307692307
0 0.9483173076923077 0.36177884615384615 0.03485576923076923 0.056490384615384616
0 0.9567307692307693 0.22716346153846154 0.08533653846153846 0.19951923076923078