0 0.5084134615384616 0.7896634615384616 0.051682692307692304 0.10576923076923077
0 0.5889423076923077 0.5024038461538461 0.037259615384615384 0.13221153846153846
0 0.53125 0.9591346153846154 0.125 0.07692307692307693
0 0.4170673076923077 0.7848557692307693 0.0733173076923077 0.07932692307692307
2 0.5480769230769231 0.5204326923076923 0.08052884615384616 0.22956730769230768
0 0.006009615384615385 0.6201923076923077 0.010817307692307692 0.030048076923076924
0 0.04326923076923077 0.4170673076923077 0.08653846153846154 0.30288461538461536
3 0.28846153846153844 0.7836538461538461 0.08173076923076923 0.2247596153846154
3 0.43028846153846156 0.4639423076923077 0.2091346153846154 0.43149038461538464
3 0.7836538461538461 0.055288461538461536 0.12980769230769232 0.11057692307692307
3 0.5949519230769231 0.08173076923076923 0.2776442307692308 0.16346153846153846