0 0.5492788461538461 0.7259615384615384 0.20552884615384615 0.4182692307692308
3 0.2620192307692308 0.20673076923076922 0.2548076923076923 0.2824519230769231
3 0.5564903846153846 0.5276442307692307 0.18389423076923078 0.2860576923076923
3 0.6802884615384616 0.5841346153846154 0.0985576923076923 0.359375
0 0.8629807692307693 0.4026442307692308 0.14423076923076922 0.1814903846153846
0 0.9651442307692307 0.40024038461538464 0.06490384615384616 0.37259615384615385
0 0.9134615384615384 0.2704326923076923 0.16826923076923078 0.33413461538461536
3 0.6586538461538461 0.8365384615384616 0.24519230769230768 0.32211538461538464
0 0.039663461538461536 0.7896634615384616 0.07932692307692307 0.1346153846153846
0 0.056490384615384616 0.9663461538461539 0.11298076923076923 0.0625
0 0.16826923076923078 0.33774038461538464 0.19951923076923078 0.23798076923076922
0 0.9338942307692307 0.7427884615384616 0.12740384615384615 0.25961538461538464