0 0.5949519230769231 0.5444711538461539 0.15625 0.27524038461538464
0 0.5396634615384616 0.3125 0.14182692307692307 0.24879807692307693
3 0.4483173076923077 0.47115384615384615 0.17668269230769232 0.3473557692307692
0 0.35216346153846156 0.6502403846153846 0.2704326923076923 0.28966346153846156
0 0.8701923076923077 0.7211538461538461 0.0985576923076923 0.23798076923076922
0 0.23317307692307693 0.32572115384615385 0.1502403846153846 0.3557692307692308
2 0.05048076923076923 0.6358173076923077 0.10096153846153846 0.4387019230769231
3 0.3425480769230769 0.054086538461538464 0.12740384615384615 0.10817307692307693
0 0.3389423076923077 0.41466346153846156 0.07932692307692307 0.18028846153846154
3 0.17427884615384615 0.016826923076923076 0.040865384615384616 0.03365384615384615
0 0.10697115384615384 0.18509615384615385 0.09014423076923077 0.28365384615384615