0 0.27163461538461536 0.4651442307692308 0.12860576923076922 0.11778846153846154
3 0.8088942307692307 0.06610576923076923 0.125 0.13221153846153846
3 0.9471153846153846 0.53125 0.10096153846153846 0.28846153846153844
3 0.96875 0.6670673076923077 0.057692307692307696 0.12740384615384615
0 0.5745192307692307 0.12980769230769232 0.359375 0.25841346153846156
3 0.14302884615384615 0.5793269230769231 0.2860576923076923 0.39663461538461536
0 0.08653846153846154 0.7908653846153846 0.171875 0.16947115384615385
0 0.43149038461538464 0.5036057692307693 0.0829326923076923 0.10697115384615384
0 0.3389423076923077 0.16947115384615385 0.15384615384615385 0.25
0 0.6057692307692307 0.6262019230769231 0.11177884615384616 0.23317307692307693
0 0.6454326923076923 0.4387019230769231 0.046875 0.03485576923076923
0 0.8737980769230769 0.2764423076923077 0.0673076923076923 0.09495192307692307
3 0.9459134615384616 0.27403846153846156 0.10697115384615384 0.09975961538461539
0 0.025240384615384616 0.1466346153846154 0.05048076923076923 0.19230769230769232
0 0.04927884615384615 0.8882211538461539 0.0985576923076923 0.21875