0 0.8257211538461539 0.5600961538461539 0.14543269230769232 0.2548076923076923
0 0.7427884615384616 0.328125 0.1310096153846154 0.23197115384615385
3 0.6850961538461539 0.4807692307692308 0.17067307692307693 0.34375
0 0.5841346153846154 0.6598557692307693 0.28966346153846156 0.2980769230769231
0 0.45072115384615385 0.34134615384615385 0.15745192307692307 0.36538461538461536
2 0.2692307692307692 0.6394230769230769 0.12379807692307693 0.4483173076923077
3 0.5396634615384616 0.078125 0.14543269230769232 0.15625
3 0.23798076923076922 0.02283653846153846 0.01201923076923077 0.04447115384615385
0 0.14903846153846154 0.07932692307692307 0.12620192307692307 0.15625
0 0.5769230769230769 0.4326923076923077 0.08533653846153846 0.19831730769230768
3 0.375 0.021634615384615384 0.10216346153846154 0.04326923076923077
0 0.328125 0.20432692307692307 0.06490384615384616 0.2980769230769231