0 0.6021634615384616 0.7211538461538461 0.08413461538461539 0.1141826923076923
2 0.12740384615384615 0.26802884615384615 0.09014423076923077 0.0985576923076923
0 0.9026442307692307 0.45913461538461536 0.07451923076923077 0.1141826923076923
0 0.6622596153846154 0.8353365384615384 0.03365384615384615 0.04567307692307692
3 0.8858173076923077 0.7487980769230769 0.22355769230769232 0.49759615384615385
0 0.8233173076923077 0.859375 0.17427884615384615 0.1658653846153846
0 0.6310096153846154 0.6165865384615384 0.039663461538461536 0.11057692307692307
3 0.75 0.7548076923076923 0.3269230769230769 0.4891826923076923
0 0.4230769230769231 0.46634615384615385 0.1778846153846154 0.5012019230769231
0 0.4014423076923077 0.8137019230769231 0.13942307692307693 0.2247596153846154
0 0.18389423076923078 0.5829326923076923 0.1658653846153846 0.24879807692307693