0 0.1875 0.7307692307692307 0.07091346153846154 0.109375
0 0.5721153846153846 0.5853365384615384 0.0625 0.13822115384615385
0 0.08653846153846154 0.17668269230769232 0.17307692307692307 0.3449519230769231
0 0.7776442307692307 0.7896634615384616 0.1622596153846154 0.27403846153846156
0 0.9170673076923077 0.7451923076923077 0.16105769230769232 0.2644230769230769
0 0.9699519230769231 0.07692307692307693 0.05889423076923077 0.15264423076923078
0 0.1814903846153846 0.8725961538461539 0.1310096153846154 0.2536057692307692
0 0.6189903846153846 0.40024038461538464 0.17307692307692307 0.3425480769230769
3 0.7055288461538461 0.32211538461538464 0.2548076923076923 0.44591346153846156
2 0.6887019230769231 0.4831730769230769 0.14783653846153846 0.25600961538461536
3 0.11538461538461539 0.2848557692307692 0.1778846153846154 0.21875
0 0.46634615384615385 0.36658653846153844 0.16466346153846154 0.31971153846153844
0 0.7992788461538461 0.6346153846153846 0.39663461538461536 0.7259615384615384
0 0.43028846153846156 0.09975961538461539 0.06370192307692307 0.12620192307692307