3 0.32211538461538464 0.6959134615384616 0.1814903846153846 0.26802884615384615
0 0.5985576923076923 0.7259615384615384 0.09134615384615384 0.3701923076923077
3 0.15384615384615385 0.37259615384615385 0.13341346153846154 0.2800480769230769
0 0.042067307692307696 0.38461538461538464 0.08413461538461539 0.07211538461538461
2 0.14182692307692307 0.11899038461538461 0.21394230769230768 0.23677884615384615
0 0.5180288461538461 0.07932692307692307 0.11298076923076923 0.15865384615384615
3 0.6394230769230769 0.625 0.0733173076923077 0.1971153846153846
0 0.24158653846153846 0.7175480769230769 0.08653846153846154 0.34375
0 0.9495192307692307 0.10576923076923077 0.09615384615384616 0.21153846153846154
0 0.6923076923076923 0.7956730769230769 0.20793269230769232 0.33653846153846156
1 0.9266826923076923 0.42788461538461536 0.055288461538461536 0.11298076923076923