3 0.3545673076923077 0.7860576923076923 0.15264423076923078 0.19230769230769232
3 0.0733173076923077 0.4879807692307692 0.1466346153846154 0.3894230769230769
0 0.24879807692307693 0.2439903846153846 0.14423076923076922 0.2824519230769231
0 0.7307692307692307 0.41225961538461536 0.0829326923076923 0.14783653846153846
0 0.8858173076923077 0.40865384615384615 0.07572115384615384 0.33413461538461536
3 0.36658653846153844 0.17548076923076922 0.20192307692307693 0.234375
3 0.35096153846153844 0.5685096153846154 0.1201923076923077 0.22596153846153846
0 0.3762019230769231 0.234375 0.08413461538461539 0.15985576923076922
2 0.3088942307692308 0.04567307692307692 0.0889423076923077 0.09134615384615384
2 0.5096153846153846 0.10817307692307693 0.12139423076923077 0.21514423076923078
3 0.07211538461538461 0.09495192307692307 0.14423076923076922 0.18990384615384615