3 0.07692307692307693 0.2932692307692308 0.0733173076923077 0.109375
0 0.8786057692307693 0.5877403846153846 0.14302884615384615 0.24639423076923078
3 0.09375 0.09975961538461539 0.17908653846153846 0.19951923076923078
3 0.8810096153846154 0.6670673076923077 0.06009615384615385 0.10697115384615384
3 0.8341346153846154 0.8545673076923077 0.13942307692307693 0.2860576923076923
0 0.59375 0.9495192307692307 0.10096153846153846 0.09615384615384616
3 0.9471153846153846 0.796875 0.10096153846153846 0.1658653846153846
0 0.2704326923076923 0.6105769230769231 0.11538461538461539 0.25240384615384615
0 0.9771634615384616 0.7067307692307693 0.040865384615384616 0.1875
2 0.22596153846153846 0.7752403846153846 0.21514423076923078 0.4170673076923077
0 0.12379807692307693 0.34975961538461536 0.19230769230769232 0.3798076923076923