0 0.5444711538461539 0.09975961538461539 0.28365384615384615 0.19951923076923078
3 0.7824519230769231 0.5024038461538461 0.23076923076923078 0.4014423076923077
2 0.6081730769230769 0.18629807692307693 0.12620192307692307 0.15384615384615385
0 0.7079326923076923 0.7307692307692307 0.12740384615384615 0.3137019230769231
0 0.3125 0.6899038461538461 0.08052884615384616 0.11658653846153846
3 0.5540865384615384 0.4795673076923077 0.11057692307692307 0.2620192307692308
0 0.49158653846153844 0.5504807692307693 0.18990384615384615 0.2848557692307692
0 0.7487980769230769 0.8473557692307693 0.11778846153846154 0.3004807692307692
0 0.7463942307692307 0.6334134615384616 0.028846153846153848 0.037259615384615384
0 0.6526442307692307 0.5576923076923077 0.0985576923076923 0.3016826923076923
0 0.5745192307692307 0.4026442307692308 0.09495192307692307 0.23317307692307693