0 0.8449519230769231 0.23197115384615385 0.14302884615384615 0.16105769230769232
0 0.09375 0.16706730769230768 0.13341346153846154 0.18870192307692307
0 0.984375 0.8365384615384616 0.026442307692307692 0.12980769230769232
0 0.037259615384615384 0.5096153846153846 0.07451923076923077 0.27524038461538464
0 0.7235576923076923 0.47475961538461536 0.31490384615384615 0.5012019230769231
0 0.5240384615384616 0.46634615384615385 0.08052884615384616 0.13822115384615385
0 0.6382211538461539 0.8197115384615384 0.2283653846153846 0.3557692307692308
0 0.9122596153846154 0.140625 0.17067307692307693 0.28125
0 0.5372596153846154 0.9038461538461539 0.0733173076923077 0.19110576923076922
0 0.859375 0.49278846153846156 0.2776442307692308 0.4699519230769231
0 0.984375 0.22716346153846154 0.026442307692307692 0.14182692307692307