3 0.21875 0.3293269230769231 0.3425480769230769 0.4206730769230769
0 0.06129807692307692 0.8641826923076923 0.12259615384615384 0.2668269230769231
0 0.47475961538461536 0.3954326923076923 0.09735576923076923 0.1045673076923077
3 0.49278846153846156 0.3858173076923077 0.26322115384615385 0.3894230769230769
0 0.3954326923076923 0.296875 0.054086538461538464 0.06610576923076923
0 0.5841346153846154 0.2920673076923077 0.2692307692307692 0.5841346153846154
0 0.90625 0.6358173076923077 0.18269230769230768 0.4110576923076923
0 0.05048076923076923 0.35096153846153844 0.10096153846153846 0.17307692307692307
0 0.953125 0.9278846153846154 0.0889423076923077 0.13942307692307693
0 0.09975961538461539 0.15745192307692307 0.19951923076923078 0.23798076923076922
0 0.6129807692307693 0.8353365384615384 0.18870192307692307 0.328125