0 0.7584134615384616 0.5144230769230769 0.038461538461538464 0.13221153846153846
1 0.35697115384615385 0.40384615384615385 0.15504807692307693 0.20432692307692307
0 0.5793269230769231 0.4879807692307692 0.1310096153846154 0.3605769230769231
0 0.6598557692307693 0.23197115384615385 0.09134615384615384 0.055288461538461536
2 0.6033653846153846 0.2536057692307692 0.1310096153846154 0.2439903846153846
0 0.052884615384615384 0.2704326923076923 0.10576923076923077 0.3473557692307692
0 0.12259615384615384 0.3786057692307692 0.057692307692307696 0.140625
0 0.7824519230769231 0.11177884615384616 0.09254807692307693 0.20793269230769232
3 0.8317307692307693 0.45913461538461536 0.22115384615384615 0.20432692307692307
0 0.40865384615384615 0.8990384615384616 0.15144230769230768 0.20072115384615385
0 0.9807692307692307 0.2091346153846154 0.037259615384615384 0.13341346153846154
0 0.9879807692307693 0.31490384615384615 0.019230769230769232 0.028846153846153848
0 0.8713942307692307 0.65625 0.22716346153846154 0.3112980769230769