0 0.109375 0.07211538461538461 0.21875 0.14302884615384615
3 0.22115384615384615 0.4699519230769231 0.22596153846153846 0.4266826923076923
2 0.12620192307692307 0.17067307692307693 0.13221153846153846 0.13701923076923078
0 0.13341346153846154 0.7127403846153846 0.13581730769230768 0.32091346153846156
3 0.03365384615384615 0.5048076923076923 0.0673076923076923 0.20192307692307693
0 0.018028846153846152 0.5637019230769231 0.03485576923076923 0.1778846153846154
0 0.18028846153846154 0.8389423076923077 0.14903846153846154 0.3173076923076923
0 0.1658653846153846 0.5985576923076923 0.051682692307692304 0.04927884615384615
0 0.08413461538461539 0.5552884615384616 0.07932692307692307 0.34375
0 0.04447115384615385 0.3798076923076923 0.07572115384615384 0.24158653846153846
0 0.9278846153846154 0.8689903846153846 0.13942307692307693 0.23798076923076922