3 0.46875 0.45913461538461536 0.109375 0.14302884615384615
3 0.037259615384615384 0.1658653846153846 0.07451923076923077 0.18269230769230768
0 0.1778846153846154 0.8605769230769231 0.23317307692307693 0.2776442307692308
3 0.16826923076923078 0.14302884615384615 0.20673076923076922 0.24158653846153846
0 0.16105769230769232 0.5709134615384616 0.11778846153846154 0.296875
3 0.6778846153846154 0.12860576923076922 0.2403846153846154 0.25721153846153844
3 0.8990384615384616 0.0673076923076923 0.1310096153846154 0.13341346153846154
3 0.9519230769230769 0.1045673076923077 0.09495192307692307 0.2091346153846154
0 0.7620192307692307 0.20192307692307693 0.1778846153846154 0.1935096153846154
3 0.7199519230769231 0.35216346153846156 0.046875 0.12259615384615384
0 0.5793269230769231 0.6826923076923077 0.25 0.6298076923076923