0 0.7319711538461539 0.5709134615384616 0.018028846153846152 0.11057692307692307
3 0.7572115384615384 0.6021634615384616 0.12860576923076922 0.33052884615384615
0 0.390625 0.7067307692307693 0.15625 0.23317307692307693
3 0.3449519230769231 0.8461538461538461 0.2548076923076923 0.27524038461538464
0 0.12980769230769232 0.8653846153846154 0.07932692307692307 0.13221153846153846
3 0.05048076923076923 0.2800480769230769 0.10096153846153846 0.4495192307692308
3 0.8497596153846154 0.7259615384615384 0.09735576923076923 0.21514423076923078
3 0.3076923076923077 0.13822115384615385 0.125 0.16947115384615385
0 0.13942307692307693 0.1346153846153846 0.27884615384615385 0.2692307692307692
0 0.4807692307692308 0.8473557692307693 0.06850961538461539 0.09975961538461539
0 0.48197115384615385 0.48677884615384615 0.036057692307692304 0.0625
0 0.6983173076923077 0.7680288461538461 0.046875 0.17067307692307693
0 0.8677884615384616 0.5637019230769231 0.15985576923076922 0.1622596153846154