0 0.8557692307692307 0.328125 0.16105769230769232 0.17307692307692307
0 0.18629807692307693 0.8653846153846154 0.2620192307692308 0.2644230769230769
0 0.3557692307692308 0.9026442307692307 0.2644230769230769 0.18990384615384615
0 0.17427884615384615 0.07932692307692307 0.22355769230769232 0.15865384615384615
0 0.1201923076923077 0.609375 0.13942307692307693 0.20432692307692307
0 0.12740384615384615 0.15504807692307693 0.2548076923076923 0.3088942307692308
0 0.5733173076923077 0.3954326923076923 0.13942307692307693 0.14783653846153846
0 0.9146634615384616 0.6466346153846154 0.16947115384615385 0.23317307692307693
0 0.5276442307692307 0.7932692307692307 0.38221153846153844 0.40865384615384615
0 0.6346153846153846 0.5612980769230769 0.18028846153846154 0.25961538461538464
0 0.140625 0.32211538461538464 0.21033653846153846 0.23798076923076922