0 0.3641826923076923 0.6598557692307693 0.2091346153846154 0.4110576923076923
0 0.5925480769230769 0.5973557692307693 0.12740384615384615 0.1622596153846154
0 0.9627403846153846 0.8509615384615384 0.06971153846153846 0.19230769230769232
0 0.8461538461538461 0.3918269230769231 0.0673076923076923 0.07932692307692307
0 0.9122596153846154 0.7463942307692307 0.09254807692307693 0.10216346153846154
0 0.9759615384615384 0.13942307692307693 0.04326923076923077 0.038461538461538464
0 0.7415865384615384 0.2608173076923077 0.22716346153846154 0.34375
3 0.052884615384615384 0.6838942307692307 0.07572115384615384 0.11538461538461539
3 0.08774038461538461 0.8377403846153846 0.17548076923076922 0.31971153846153844
0 0.6117788461538461 0.6694711538461539 0.12740384615384615 0.18870192307692307
3 0.31971153846153844 0.7235576923076923 0.30288461538461536 0.38221153846153844
3 0.8786057692307693 0.32211538461538464 0.09375 0.21634615384615385
0 0.14903846153846154 0.5564903846153846 0.2127403846153846 0.2644230769230769