0 0.125 0.8894230769230769 0.25 0.21634615384615385
0 0.8269230769230769 0.9663461538461539 0.05889423076923077 0.057692307692307696
3 0.9423076923076923 0.11538461538461539 0.11057692307692307 0.23076923076923078
3 0.9362980769230769 0.41346153846153844 0.12259615384615384 0.4807692307692308
0 0.8401442307692307 0.2956730769230769 0.16826923076923078 0.35216346153846156
3 0.03245192307692308 0.19831730769230768 0.06490384615384616 0.29086538461538464
0 0.15745192307692307 0.6165865384615384 0.16706730769230768 0.3401442307692308
0 0.2764423076923077 0.7944711538461539 0.11538461538461539 0.2644230769230769
0 0.10817307692307693 0.5072115384615384 0.09254807692307693 0.15384615384615385
1 0.04447115384615385 0.5444711538461539 0.055288461538461536 0.15745192307692307
0 0.06971153846153846 0.38822115384615385 0.06850961538461539 0.078125
0 0.05889423076923077 0.6995192307692307 0.10336538461538461 0.23197115384615385