0 0.11057692307692307 0.28725961538461536 0.22115384615384615 0.24158653846153846
0 0.8641826923076923 0.9699519230769231 0.11778846153846154 0.055288461538461536
0 0.203125 0.8389423076923077 0.09975961538461539 0.18389423076923078
0 0.9278846153846154 0.6129807692307693 0.14302884615384615 0.4963942307692308
0 0.6995192307692307 0.6706730769230769 0.14903846153846154 0.25240384615384615
0 0.09014423076923077 0.6069711538461539 0.16105769230769232 0.15625
2 0.546875 0.08653846153846154 0.12259615384615384 0.17307692307692307
0 0.5685096153846154 0.8605769230769231 0.17427884615384615 0.24519230769230768
0 0.3016826923076923 0.22355769230769232 0.09615384615384616 0.35697115384615385
3 0.7740384615384616 0.20072115384615385 0.3605769230769231 0.4014423076923077
0 0.4182692307692308 0.010817307692307692 0.046875 0.021634615384615384
3 0.3485576923076923 0.6057692307692307 0.1502403846153846 0.33413461538461536
0 0.0673076923076923 0.14302884615384615 0.13341346153846154 0.11899038461538461
0 0.078125 0.39903846153846156 0.15504807692307693 0.28725961538461536
0 0.6189903846153846 0.5829326923076923 0.21875 0.2764423076923077
0 0.9699519230769231 0.3016826923076923 0.055288461538461536 0.2668269230769231