0 0.8990384615384616 0.9014423076923077 0.18269230769230768 0.19230769230769232
0 0.7608173076923077 0.5360576923076923 0.03245192307692308 0.0625
0 0.8341346153846154 0.5360576923076923 0.09014423076923077 0.13942307692307693
3 0.7271634615384616 0.4651442307692308 0.12139423076923077 0.20552884615384615
1 0.7836538461538461 0.5649038461538461 0.04807692307692308 0.1141826923076923
0 0.9735576923076923 0.8533653846153846 0.04807692307692308 0.15865384615384615
0 0.8966346153846154 0.6514423076923077 0.19110576923076922 0.3329326923076923
0 0.04927884615384615 0.8930288461538461 0.0985576923076923 0.18509615384615385
0 0.06610576923076923 0.6370192307692307 0.13221153846153846 0.3629807692307692
0 0.37259615384615385 0.9447115384615384 0.27524038461538464 0.109375
0 0.18509615384615385 0.17067307692307693 0.2512019230769231 0.34134615384615385
0 0.34375 0.29086538461538464 0.13822115384615385 0.21875