0 0.14182692307692307 0.2824519230769231 0.06490384615384616 0.09375
0 0.4098557692307692 0.75 0.15144230769230768 0.3389423076923077
0 0.36899038461538464 0.2668269230769231 0.10216346153846154 0.18389423076923078
0 0.39783653846153844 0.5168269230769231 0.07572115384615384 0.10096153846153846
3 0.46033653846153844 0.5997596153846154 0.0733173076923077 0.0889423076923077
3 0.8966346153846154 0.14182692307692307 0.20192307692307693 0.28365384615384615
0 0.9435096153846154 0.41466346153846156 0.10817307692307693 0.14182692307692307
3 0.9170673076923077 0.6802884615384616 0.16105769230769232 0.32211538461538464
0 0.5661057692307693 0.5769230769230769 0.23677884615384615 0.22716346153846154
3 0.6274038461538461 0.3858173076923077 0.24278846153846154 0.26802884615384615
0 0.41346153846153844 0.9591346153846154 0.09495192307692307 0.08052884615384616
0 0.10576923076923077 0.6502403846153846 0.21153846153846154 0.5649038461538461
3 0.2512019230769231 0.5877403846153846 0.21875 0.8197115384615384