0 0.9290865384615384 0.35216346153846156 0.140625 0.14783653846153846
3 0.7608173076923077 0.140625 0.09134615384615384 0.1622596153846154
0 0.21754807692307693 0.21995192307692307 0.03125 0.11778846153846154
0 0.21033653846153846 0.11298076923076923 0.1466346153846154 0.22596153846153846
2 0.7283653846153846 0.4831730769230769 0.1778846153846154 0.21875
3 0.16706730769230768 0.3088942307692308 0.33413461538461536 0.6177884615384616
0 0.3894230769230769 0.26802884615384615 0.22596153846153846 0.5348557692307693
3 0.1141826923076923 0.6286057692307693 0.2283653846153846 0.37259615384615385
0 0.22235576923076922 0.5612980769230769 0.17067307692307693 0.27884615384615385
0 0.03365384615384615 0.7740384615384616 0.0673076923076923 0.17307692307692307
0 0.39903846153846156 0.5661057692307693 0.22355769230769232 0.16947115384615385
0 0.5444711538461539 0.7103365384615384 0.30528846153846156 0.5745192307692307