3 0.4543269230769231 0.3317307692307692 0.2127403846153846 0.14903846153846154
0 0.9879807692307693 0.6382211538461539 0.019230769230769232 0.0985576923076923
0 0.9675480769230769 0.21153846153846154 0.06009615384615385 0.2548076923076923
0 0.1875 0.15745192307692307 0.24158653846153846 0.3137019230769231
0 0.7295673076923077 0.41947115384615385 0.3076923076923077 0.4338942307692308
0 0.8725961538461539 0.5637019230769231 0.12740384615384615 0.19230769230769232
0 0.9675480769230769 0.5036057692307693 0.06009615384615385 0.09375
3 0.6598557692307693 0.8149038461538461 0.1971153846153846 0.2548076923076923
0 0.47596153846153844 0.5612980769230769 0.15745192307692307 0.18269230769230768
3 0.13221153846153846 0.6862980769230769 0.25841346153846156 0.5288461538461539
0 0.46274038461538464 0.7584134615384616 0.25240384615384615 0.47836538461538464