0 0.9182692307692307 0.5925480769230769 0.07451923076923077 0.18269230769230768
0 0.9615384615384616 0.6490384615384616 0.07572115384615384 0.26802884615384615
2 0.20432692307692307 0.265625 0.20192307692307693 0.3173076923076923
0 0.265625 0.9002403846153846 0.10336538461538461 0.19471153846153846
0 0.03365384615384615 0.8341346153846154 0.0673076923076923 0.09615384615384616
0 0.04326923076923077 0.11177884615384616 0.08653846153846154 0.18509615384615385
0 0.1201923076923077 0.9050480769230769 0.2403846153846154 0.18509615384615385
3 0.8509615384615384 0.6935096153846154 0.14543269230769232 0.3088942307692308
3 0.6682692307692307 0.5805288461538461 0.2644230769230769 0.8377403846153846
0 0.8665865384615384 0.3161057692307692 0.0829326923076923 0.24639423076923078
0 0.4254807692307692 0.3473557692307692 0.07451923076923077 0.171875
0 0.921875 0.22956730769230768 0.04927884615384615 0.09375
0 0.8533653846153846 0.49038461538461536 0.17427884615384615 0.15745192307692307