0 0.8762019230769231 0.1935096153846154 0.24278846153846154 0.3870192307692308
0 0.7764423076923077 0.9206730769230769 0.28846153846153844 0.15384615384615385
0 0.578125 0.8798076923076923 0.14783653846153846 0.14903846153846154
1 0.4495192307692308 0.47716346153846156 0.06971153846153846 0.09014423076923077
0 0.010817307692307692 0.6947115384615384 0.021634615384615384 0.0889423076923077
0 0.019230769230769232 0.5540865384615384 0.038461538461538464 0.12259615384615384
0 0.007211538461538462 0.4375 0.014423076923076924 0.078125
3 0.05889423076923077 0.3004807692307692 0.11778846153846154 0.11057692307692307
0 0.7800480769230769 0.6935096153846154 0.31850961538461536 0.3629807692307692
0 0.49038461538461536 0.42427884615384615 0.1141826923076923 0.28725961538461536
0 0.3545673076923077 0.33413461538461536 0.2403846153846154 0.4675480769230769
0 0.29086538461538464 0.17067307692307693 0.12740384615384615 0.1971153846153846
0 0.19591346153846154 0.8293269230769231 0.3918269230769231 0.33653846153846156