0 0.12259615384615384 0.5360576923076923 0.20192307692307693 0.3125
0 0.046875 0.8473557692307693 0.09375 0.25721153846153844
0 0.27403846153846156 0.7524038461538461 0.13942307692307693 0.3641826923076923
0 0.2980769230769231 0.21394230769230768 0.04927884615384615 0.21153846153846154
0 0.4411057692307692 0.4795673076923077 0.1971153846153846 0.2776442307692308
0 0.9507211538461539 0.08533653846153846 0.0829326923076923 0.17067307692307693
3 0.41947115384615385 0.078125 0.22355769230769232 0.15625
0 0.8966346153846154 0.578125 0.15384615384615385 0.3918269230769231
0 0.9459134615384616 0.5072115384615384 0.10336538461538461 0.4519230769230769
0 0.6394230769230769 0.8882211538461539 0.4050480769230769 0.22235576923076922
0 0.037259615384615384 0.5697115384615384 0.07451923076923077 0.18269230769230768
0 0.14903846153846154 0.16947115384615385 0.2980769230769231 0.3389423076923077