0 0.3473557692307692 0.6814903846153846 0.06490384615384616 0.06490384615384616
3 0.04447115384615385 0.38100961538461536 0.0889423076923077 0.24759615384615385
3 0.5396634615384616 0.039663461538461536 0.08173076923076923 0.078125
0 0.8305288461538461 0.7980769230769231 0.33413461538461536 0.39903846153846156
3 0.9519230769230769 0.4338942307692308 0.09134615384615384 0.1658653846153846
3 0.9375 0.22956730769230768 0.1201923076923077 0.3485576923076923
0 0.4375 0.6730769230769231 0.125 0.21754807692307693
0 0.515625 0.9110576923076923 0.07572115384615384 0.17668269230769232
0 0.6850961538461539 0.4519230769230769 0.1935096153846154 0.3125
0 0.03365384615384615 0.22355769230769232 0.0673076923076923 0.11538461538461539
0 0.4567307692307692 0.027644230769230768 0.125 0.055288461538461536
0 0.32572115384615385 0.3918269230769231 0.08533653846153846 0.27163461538461536
2 0.22235576923076922 0.6033653846153846 0.11538461538461539 0.15384615384615385
0 0.10576923076923077 0.6682692307692307 0.21033653846153846 0.40625
0 0.01201923076923077 0.7403846153846154 0.02283653846153846 0.1875
0 0.0625 0.5516826923076923 0.125 0.5649038461538461