0 0.3641826923076923 0.30528846153846156 0.0625 0.06490384615384616
0 0.859375 0.26322115384615385 0.12860576923076922 0.21875
0 0.609375 0.28846153846153844 0.16706730769230768 0.2800480769230769
0 0.09134615384615384 0.4651442307692308 0.07091346153846154 0.07211538461538461
0 0.3942307692307692 0.6334134615384616 0.10697115384615384 0.3004807692307692
0 0.5901442307692307 0.5600961538461539 0.13221153846153846 0.4098557692307692
0 0.7548076923076923 0.3942307692307692 0.15745192307692307 0.20192307692307693
0 0.48677884615384615 0.4326923076923077 0.12980769230769232 0.3112980769230769
0 0.01201923076923077 0.3016826923076923 0.02403846153846154 0.25721153846153844
0 0.8221153846153846 0.30528846153846156 0.09615384615384616 0.1778846153846154
0 0.0625 0.6875 0.12379807692307693 0.42908653846153844