3 0.08413461538461539 0.28725961538461536 0.16826923076923078 0.36658653846153844
3 0.3161057692307692 0.6334134615384616 0.18269230769230768 0.46274038461538464
0 0.078125 0.08052884615384616 0.15625 0.16105769230769232
0 0.9459134615384616 0.4423076923076923 0.10336538461538461 0.22596153846153846
2 0.9651442307692307 0.052884615384615384 0.06490384615384616 0.10576923076923077
0 0.5024038461538461 0.6310096153846154 0.2247596153846154 0.3161057692307692
0 0.8930288461538461 0.3401442307692308 0.1778846153846154 0.27524038461538464
3 0.6358173076923077 0.47475961538461536 0.14182692307692307 0.21754807692307693
0 0.6646634615384616 0.5877403846153846 0.07692307692307693 0.07091346153846154
0 0.6646634615384616 0.8942307692307693 0.12259615384615384 0.20673076923076922
0 0.28725961538461536 0.53125 0.051682692307692304 0.12139423076923077