3 0.9146634615384616 0.6790865384615384 0.1658653846153846 0.23798076923076922
0 0.7632211538461539 0.15144230769230768 0.125 0.30288461538461536
3 0.8629807692307693 0.2956730769230769 0.2692307692307692 0.5913461538461539
3 0.6502403846153846 0.7944711538461539 0.06370192307692307 0.19110576923076922
0 0.4831730769230769 0.35096153846153844 0.19230769230769232 0.25841346153846156
0 0.3401442307692308 0.8088942307692307 0.28125 0.37740384615384615
0 0.15144230769230768 0.7680288461538461 0.30288461538461536 0.46274038461538464
3 0.3016826923076923 0.3942307692307692 0.18629807692307693 0.1658653846153846
3 0.2403846153846154 0.21514423076923078 0.23076923076923078 0.3918269230769231
0 0.6959134615384616 0.3798076923076923 0.0673076923076923 0.07692307692307693
0 0.6670673076923077 0.5216346153846154 0.05048076923076923 0.13581730769230768
3 0.5336538461538461 0.8365384615384616 0.14903846153846154 0.32211538461538464
0 0.7788461538461539 0.7908653846153846 0.08533653846153846 0.16826923076923078
0 0.8269230769230769 0.5420673076923077 0.3449519230769231 0.28365384615384615
0 0.6706730769230769 0.6923076923076923 0.06490384615384616 0.12620192307692307