0 0.6177884615384616 0.3870192307692308 0.203125 0.39903846153846156
0 0.7223557692307693 0.8858173076923077 0.08653846153846154 0.12740384615384615
3 0.578125 0.0673076923076923 0.14182692307692307 0.1346153846153846
0 0.3786057692307692 0.1814903846153846 0.06971153846153846 0.12980769230769232
0 0.4387019230769231 0.20552884615384615 0.10697115384615384 0.06971153846153846
0 0.16346153846153846 0.04326923076923077 0.056490384615384616 0.08653846153846154
0 0.6430288461538461 0.8233173076923077 0.16466346153846154 0.2247596153846154
0 0.8317307692307693 0.9555288461538461 0.09134615384615384 0.08413461538461539
3 0.7884615384615384 0.7151442307692307 0.23798076923076922 0.5685096153846154
1 0.5276442307692307 0.5673076923076923 0.08774038461538461 0.2247596153846154
2 0.3329326923076923 0.7067307692307693 0.06370192307692307 0.18509615384615385
0 0.39663461538461536 0.7427884615384616 0.09375 0.16346153846153846