2 0.5480769230769231 0.25961538461538464 0.11658653846153846 0.2283653846153846
3 0.4050480769230769 0.36177884615384615 0.21995192307692307 0.4387019230769231
0 0.22956730769230768 0.12980769230769232 0.21153846153846154 0.25841346153846156
0 0.15384615384615385 0.8125 0.21153846153846154 0.3701923076923077
0 0.028846153846153848 0.8293269230769231 0.056490384615384616 0.32572115384615385
0 0.4987980769230769 0.5889423076923077 0.0889423076923077 0.109375
3 0.0625 0.6670673076923077 0.06009615384615385 0.23798076923076922
0 0.07451923076923077 0.3317307692307692 0.14903846153846154 0.27884615384615385
0 0.6346153846153846 0.9050480769230769 0.20673076923076922 0.18509615384615385
0 0.9338942307692307 0.43509615384615385 0.12740384615384615 0.3173076923076923
0 0.9543269230769231 0.6418269230769231 0.08653846153846154 0.21153846153846154
0 0.5588942307692307 0.7331730769230769 0.06971153846153846 0.14543269230769232