0 0.6862980769230769 0.9170673076923077 0.0985576923076923 0.10817307692307693
2 0.7223557692307693 0.7728365384615384 0.16466346153846154 0.22115384615384615
0 0.796875 0.13701923076923078 0.21875 0.27403846153846156
0 0.8245192307692307 0.48677884615384615 0.1466346153846154 0.24278846153846154
0 0.038461538461538464 0.7752403846153846 0.07692307692307693 0.16466346153846154
0 0.8377403846153846 0.34615384615384615 0.078125 0.17908653846153846
0 0.06610576923076923 0.5649038461538461 0.13221153846153846 0.22235576923076922
0 0.4375 0.6694711538461539 0.039663461538461536 0.15264423076923078
0 0.9747596153846154 0.5600961538461539 0.04567307692307692 0.09134615384615384
0 0.37740384615384615 0.8064903846153846 0.04807692307692308 0.10336538461538461
0 0.8257211538461539 0.8641826923076923 0.2283653846153846 0.2668269230769231
0 0.7379807692307693 0.5697115384615384 0.13942307692307693 0.24158653846153846