3 0.02283653846153846 0.9338942307692307 0.04567307692307692 0.10336538461538461
0 0.8665865384615384 0.5444711538461539 0.12860576923076922 0.33533653846153844
0 0.765625 0.4170673076923077 0.08413461538461539 0.1778846153846154
0 0.953125 0.8016826923076923 0.09254807692307693 0.20793269230769232
0 0.9615384615384616 0.5901442307692307 0.07572115384615384 0.19110576923076922
0 0.9002403846153846 0.5 0.055288461538461536 0.0733173076923077
3 0.9254807692307693 0.42788461538461536 0.14423076923076922 0.24519230769230768
0 0.29447115384615385 0.4987980769230769 0.018028846153846152 0.06009615384615385
0 0.33653846153846156 0.5877403846153846 0.12860576923076922 0.12860576923076922
0 0.25961538461538464 0.6442307692307693 0.06490384615384616 0.09735576923076923
0 0.2247596153846154 0.921875 0.2512019230769231 0.15504807692307693
0 0.11298076923076923 0.5901442307692307 0.2247596153846154 0.41225961538461536
0 0.42788461538461536 0.703125 0.08774038461538461 0.15504807692307693
0 0.8269230769230769 0.8028846153846154 0.06850961538461539 0.19471153846153846
0 0.4362980769230769 0.5973557692307693 0.07572115384615384 0.13341346153846154
0 0.6189903846153846 0.828125 0.039663461538461536 0.056490384615384616
0 0.6213942307692307 0.7560096153846154 0.02283653846153846 0.057692307692307696