0 0.08173076923076923 0.8557692307692307 0.16346153846153846 0.28365384615384615
3 0.9483173076923077 0.27884615384615385 0.0985576923076923 0.5288461538461539
0 0.8461538461538461 0.8293269230769231 0.10576923076923077 0.33653846153846156
0 0.6334134615384616 0.09975961538461539 0.19951923076923078 0.19951923076923078
0 0.7896634615384616 0.35096153846153844 0.09615384615384616 0.12620192307692307
3 0.5961538461538461 0.24519230769230768 0.3485576923076923 0.25600961538461536
3 0.7788461538461539 0.5024038461538461 0.24278846153846154 0.3942307692307692
3 0.6189903846153846 0.6526442307692307 0.32572115384615385 0.6310096153846154
0 0.4411057692307692 0.7391826923076923 0.23317307692307693 0.38341346153846156
3 0.3401442307692308 0.9026442307692307 0.12740384615384615 0.18990384615384615
3 0.28846153846153844 0.8677884615384616 0.1346153846153846 0.25961538461538464