0 0.078125 0.5829326923076923 0.15625 0.20432692307692307
0 0.5985576923076923 0.8221153846153846 0.07211538461538461 0.234375
0 0.04567307692307692 0.36658653846153844 0.09134615384615384 0.16105769230769232
3 0.27524038461538464 0.625 0.18870192307692307 0.37259615384615385
0 0.8882211538461539 0.5036057692307693 0.09615384615384616 0.25841346153846156
0 0.5612980769230769 0.36899038461538464 0.09735576923076923 0.31490384615384615
0 0.4987980769230769 0.26322115384615385 0.027644230769230768 0.03125
0 0.5384615384615384 0.17668269230769232 0.08413461538461539 0.11057692307692307
0 0.734375 0.1814903846153846 0.234375 0.20192307692307693
0 0.9639423076923077 0.5300480769230769 0.07091346153846154 0.38822115384615385
0 0.49399038461538464 0.42908653846153844 0.052884615384615384 0.140625
0 0.8317307692307693 0.84375 0.14543269230769232 0.19110576923076922
0 0.9507211538461539 0.8004807692307693 0.09735576923076923 0.11899038461538461
3 0.31850961538461536 0.33533653846153844 0.23076923076923078 0.33413461538461536