0 0.6454326923076923 0.4483173076923077 0.07211538461538461 0.13341346153846154
3 0.9411057692307693 0.1622596153846154 0.11658653846153846 0.3245192307692308
0 0.47596153846153844 0.39663461538461536 0.17427884615384615 0.19831730769230768
3 0.5348557692307693 0.21394230769230768 0.31490384615384615 0.42788461538461536
0 0.6790865384615384 0.24278846153846154 0.11057692307692307 0.19831730769230768
0 0.9495192307692307 0.6790865384615384 0.09615384615384616 0.23798076923076922
0 0.9326923076923077 0.49038461538461536 0.12980769230769232 0.375
2 0.06490384615384616 0.7872596153846154 0.12980769230769232 0.3173076923076923
3 0.3798076923076923 0.6310096153846154 0.12139423076923077 0.3870192307692308
3 0.2091346153846154 0.06009615384615385 0.30528846153846156 0.11899038461538461
0 0.3449519230769231 0.9110576923076923 0.19471153846153846 0.17307692307692307
0 0.13822115384615385 0.3125 0.27524038461538464 0.34975961538461536
3 0.7932692307692307 0.36177884615384615 0.23076923076923078 0.7235576923076923