0 0.5396634615384616 0.5 0.11057692307692307 0.12980769230769232
2 0.6778846153846154 0.8004807692307693 0.1971153846153846 0.3942307692307692
0 0.6177884615384616 0.9459134615384616 0.07211538461538461 0.10336538461538461
0 0.8052884615384616 0.9026442307692307 0.1971153846153846 0.18990384615384615
0 0.04567307692307692 0.7764423076923077 0.09134615384615384 0.4423076923076923
0 0.09975961538461539 0.5036057692307693 0.13221153846153846 0.14543269230769232
3 0.056490384615384616 0.3112980769230769 0.11298076923076923 0.4639423076923077
0 0.24639423076923078 0.5901442307692307 0.17307692307692307 0.32091346153846156
3 0.11899038461538461 0.6538461538461539 0.14783653846153846 0.31971153846153844
0 0.9495192307692307 0.609375 0.09615384615384616 0.22355769230769232
3 0.4050480769230769 0.3954326923076923 0.15865384615384615 0.24639423076923078