0 0.04447115384615385 0.7728365384615384 0.0889423076923077 0.21875
3 0.6862980769230769 0.09615384615384616 0.125 0.19230769230769232
3 0.10096153846153846 0.4206730769230769 0.20192307692307693 0.2692307692307692
0 0.7235576923076923 0.7091346153846154 0.125 0.26322115384615385
0 0.9555288461538461 0.5673076923076923 0.08774038461538461 0.15865384615384615
0 0.5612980769230769 0.6875 0.1466346153846154 0.2776442307692308
0 0.5721153846153846 0.8497596153846154 0.15144230769230768 0.18389423076923078
0 0.5961538461538461 0.9302884615384616 0.15745192307692307 0.09134615384615384
0 0.20432692307692307 0.6069711538461539 0.30408653846153844 0.33533653846153844
2 0.4050480769230769 0.2608173076923077 0.1971153846153846 0.3401442307692308
0 0.5252403846153846 0.09014423076923077 0.17548076923076922 0.18028846153846154
3 0.6346153846153846 0.0829326923076923 0.10096153846153846 0.1658653846153846