0 0.2548076923076923 0.6069711538461539 0.20432692307692307 0.44471153846153844
3 0.5216346153846154 0.40625 0.14423076923076922 0.1141826923076923
0 0.9747596153846154 0.17548076923076922 0.04567307692307692 0.14423076923076922
0 0.9639423076923077 0.6129807692307693 0.0673076923076923 0.3317307692307692
0 0.8846153846153846 0.9591346153846154 0.22596153846153846 0.07692307692307693
0 0.8834134615384616 0.41947115384615385 0.11538461538461539 0.23197115384615385
1 0.8413461538461539 0.23197115384615385 0.0889423076923077 0.11298076923076923
3 0.7512019230769231 0.22115384615384615 0.0625 0.3016826923076923
0 0.6550480769230769 0.35336538461538464 0.1141826923076923 0.17908653846153846
3 0.6358173076923077 0.5793269230769231 0.2247596153846154 0.37259615384615385
0 0.27884615384615385 0.7487980769230769 0.02403846153846154 0.078125
0 0.02403846153846154 0.5877403846153846 0.04807692307692308 0.08052884615384616
3 0.02283653846153846 0.06490384615384616 0.04567307692307692 0.12980769230769232
3 0.9435096153846154 0.3173076923076923 0.11177884615384616 0.4795673076923077
3 0.5096153846153846 0.5492788461538461 0.08413461538461539 0.1658653846153846