0 0.47836538461538464 0.0985576923076923 0.2932692307692308 0.1971153846153846
3 0.7067307692307693 0.4963942307692308 0.23197115384615385 0.41225961538461536
2 0.5408653846153846 0.18028846153846154 0.12139423076923077 0.15745192307692307
0 0.6274038461538461 0.7271634615384616 0.13221153846153846 0.31850961538461536
0 0.23197115384615385 0.6887019230769231 0.07932692307692307 0.12379807692307693
3 0.47836538461538464 0.4807692307692308 0.109375 0.2692307692307692
0 0.41586538461538464 0.5516826923076923 0.19471153846153846 0.2932692307692308
0 0.671875 0.8461538461538461 0.12740384615384615 0.30288461538461536
0 0.6634615384615384 0.6274038461538461 0.025240384615384616 0.03485576923076923
0 0.5709134615384616 0.5588942307692307 0.09375 0.31009615384615385
0 0.5024038461538461 0.4026442307692308 0.09134615384615384 0.23918269230769232