0 0.17427884615384615 0.5048076923076923 0.1346153846153846 0.3557692307692308
0 0.9447115384615384 0.7223557692307693 0.0985576923076923 0.08052884615384616
3 0.9627403846153846 0.4795673076923077 0.06971153846153846 0.0889423076923077
3 0.6923076923076923 0.11538461538461539 0.12139423076923077 0.23076923076923078
3 0.9230769230769231 0.3449519230769231 0.15264423076923078 0.22716346153846154
3 0.765625 0.03365384615384615 0.056490384615384616 0.06610576923076923
0 0.3581730769230769 0.5973557692307693 0.18629807692307693 0.2608173076923077
0 0.4074519230769231 0.75 0.37259615384615385 0.4951923076923077
0 0.43028846153846156 0.9663461538461539 0.09615384615384616 0.0625
0 0.3245192307692308 0.8581730769230769 0.10336538461538461 0.20673076923076922
3 0.0985576923076923 0.2824519230769231 0.19591346153846154 0.19591346153846154
3 0.8942307692307693 0.5661057692307693 0.20673076923076922 0.30528846153846156
0 0.6478365384615384 0.5504807692307693 0.3137019230769231 0.484375
0 0.8040865384615384 0.45552884615384615 0.19591346153846154 0.10817307692307693