0 0.31971153846153844 0.07451923076923077 0.1201923076923077 0.14903846153846154
0 0.1310096153846154 0.07451923076923077 0.2536057692307692 0.14903846153846154
0 0.11057692307692307 0.26322115384615385 0.22115384615384615 0.27524038461538464
0 0.4375 0.6538461538461539 0.07451923076923077 0.09735576923076923
0 0.21754807692307693 0.7860576923076923 0.2403846153846154 0.16346153846153846
3 0.8942307692307693 0.4951923076923077 0.20673076923076922 0.4807692307692308
0 0.9723557692307693 0.6454326923076923 0.054086538461538464 0.21514423076923078
0 0.9543269230769231 0.5264423076923077 0.08653846153846154 0.09134615384615384
0 0.9627403846153846 0.22115384615384615 0.06971153846153846 0.10096153846153846
0 0.4206730769230769 0.39903846153846156 0.17427884615384615 0.2536057692307692
3 0.45913461538461536 0.16105769230769232 0.22235576923076922 0.32211538461538464