0 0.10216346153846154 0.16826923076923078 0.20432692307692307 0.33533653846153844
0 0.25240384615384615 0.8197115384615384 0.0733173076923077 0.21634615384615385
0 0.4735576923076923 0.5348557692307693 0.06610576923076923 0.20552884615384615
0 0.09975961538461539 0.6586538461538461 0.09014423076923077 0.19591346153846154
0 0.11538461538461539 0.8557692307692307 0.13822115384615385 0.15264423076923078
0 0.47716346153846156 0.47115384615384615 0.07091346153846154 0.11057692307692307
0 0.21754807692307693 0.2824519230769231 0.078125 0.15504807692307693
0 0.39903846153846156 0.30649038461538464 0.13341346153846154 0.1971153846153846
0 0.3918269230769231 0.78125 0.10817307692307693 0.21394230769230768
0 0.9603365384615384 0.7848557692307693 0.07451923076923077 0.2620192307692308
3 0.7115384615384616 0.6610576923076923 0.3425480769230769 0.5721153846153846
2 0.6430288461538461 0.5216346153846154 0.09375 0.13942307692307693