0 0.04326923076923077 0.8173076923076923 0.08533653846153846 0.15264423076923078
0 0.3076923076923077 0.1201923076923077 0.1814903846153846 0.2403846153846154
0 0.3137019230769231 0.7043269230769231 0.07692307692307693 0.27403846153846156
0 0.29447115384615385 0.09375 0.06610576923076923 0.14543269230769232
0 0.6442307692307693 0.8521634615384616 0.1875 0.29086538461538464
0 0.4543269230769231 0.8040865384615384 0.1622596153846154 0.390625
3 0.6838942307692307 0.1502403846153846 0.19110576923076922 0.3004807692307692
0 0.8305288461538461 0.8497596153846154 0.046875 0.13221153846153846
0 0.5805288461538461 0.07572115384615384 0.13701923076923078 0.15144230769230768
3 0.42908653846153844 0.03485576923076923 0.18990384615384615 0.06971153846153846
0 0.11538461538461539 0.6478365384615384 0.109375 0.3605769230769231
0 0.7896634615384616 0.19110576923076922 0.08173076923076923 0.31850961538461536
0 0.8125 0.5564903846153846 0.23197115384615385 0.41225961538461536
0 0.3942307692307692 0.09495192307692307 0.11057692307692307 0.09014423076923077