2 0.5757211538461539 0.4182692307692308 0.15384615384615385 0.2127403846153846
3 0.8978365384615384 0.12259615384615384 0.19951923076923078 0.24519230769230768
0 0.8846153846153846 0.6814903846153846 0.0673076923076923 0.10697115384615384
2 0.8076923076923077 0.6971153846153846 0.28725961538461536 0.296875
2 0.5444711538461539 0.24879807692307693 0.09735576923076923 0.10697115384615384
2 0.4651442307692308 0.42908653846153844 0.1045673076923077 0.27163461538461536
0 0.9098557692307693 0.8076923076923077 0.17908653846153846 0.13341346153846154
3 0.06490384615384616 0.11778846153846154 0.12980769230769232 0.23557692307692307
0 0.9567307692307693 0.8966346153846154 0.08173076923076923 0.11538461538461539
0 0.9411057692307693 0.5120192307692307 0.11298076923076923 0.2932692307692308
0 0.9110576923076923 0.6346153846153846 0.17307692307692307 0.2644230769230769