0 0.14302884615384615 0.07932692307692307 0.2860576923076923 0.15865384615384615
3 0.30408653846153844 0.47596153846153844 0.23076923076923078 0.41947115384615385
2 0.19951923076923078 0.16826923076923078 0.12379807692307693 0.140625
0 0.21634615384615385 0.7139423076923077 0.13341346153846154 0.31971153846153844
3 0.09975961538461539 0.4807692307692308 0.09375 0.2548076923076923
0 0.0625 0.5432692307692307 0.12379807692307693 0.26802884615384615
0 0.26322115384615385 0.8401442307692307 0.14182692307692307 0.31490384615384615
0 0.24639423076923078 0.6033653846153846 0.04567307692307692 0.04567307692307692
0 0.1658653846153846 0.5649038461538461 0.07572115384615384 0.3473557692307692
0 0.12980769230769232 0.3942307692307692 0.06850961538461539 0.23798076923076922
0 0.9699519230769231 0.8713942307692307 0.055288461538461536 0.14182692307692307