0 0.11177884615384616 0.7944711538461539 0.12740384615384615 0.40384615384615385
3 0.6899038461538461 0.7728365384615384 0.10697115384615384 0.2536057692307692
0 0.8233173076923077 0.7199519230769231 0.07692307692307693 0.13341346153846154
0 0.37740384615384615 0.8533653846153846 0.07091346153846154 0.20072115384615385
3 0.9290865384615384 0.7139423076923077 0.1045673076923077 0.20673076923076922
3 0.03245192307692308 0.1466346153846154 0.06490384615384616 0.2932692307692308
0 0.055288461538461536 0.3245192307692308 0.11057692307692307 0.18028846153846154
3 0.46153846153846156 0.18629807692307693 0.23798076923076922 0.3713942307692308
3 0.25841346153846156 0.2536057692307692 0.23076923076923078 0.5072115384615384
3 0.7463942307692307 0.11057692307692307 0.025240384615384616 0.07572115384615384
3 0.6466346153846154 0.13341346153846154 0.16826923076923078 0.2668269230769231
3 0.06490384615384616 0.48677884615384615 0.12980769230769232 0.3737980769230769
3 0.15144230769230768 0.35216346153846156 0.19591346153846154 0.31009615384615385
0 0.7283653846153846 0.45913461538461536 0.23557692307692307 0.20072115384615385
3 0.4543269230769231 0.953125 0.0673076923076923 0.0889423076923077
0 0.5889423076923077 0.4266826923076923 0.10576923076923077 0.15865384615384615