3 0.12980769230769232 0.37259615384615385 0.25961538461538464 0.46153846153846156
0 0.5901442307692307 0.07692307692307693 0.18509615384615385 0.15384615384615385
0 0.9146634615384616 0.18509615384615385 0.1658653846153846 0.3701923076923077
3 0.8677884615384616 0.6862980769230769 0.09375 0.2247596153846154
0 0.640625 0.4963942307692308 0.21033653846153846 0.25
0 0.6995192307692307 0.6802884615384616 0.14903846153846154 0.20552884615384615
0 0.8413461538461539 0.34134615384615385 0.19951923076923078 0.1971153846153846
0 0.5841346153846154 0.8557692307692307 0.025240384615384616 0.06850961538461539
0 0.6394230769230769 0.7764423076923077 0.12139423076923077 0.07932692307692307
3 0.3473557692307692 0.12139423076923077 0.16706730769230768 0.24278846153846154
0 0.9555288461538461 0.8377403846153846 0.08413461538461539 0.3004807692307692
0 0.8221153846153846 0.9050480769230769 0.10096153846153846 0.18509615384615385
0 0.030048076923076924 0.43509615384615385 0.06009615384615385 0.19110576923076922