3 0.9254807692307693 0.1141826923076923 0.14423076923076922 0.2283653846153846
0 0.24759615384615385 0.90625 0.14543269230769232 0.17908653846153846
0 0.3605769230769231 0.3858173076923077 0.06370192307692307 0.15745192307692307
0 0.36177884615384615 0.3233173076923077 0.24639423076923078 0.2283653846153846
0 0.5637019230769231 0.8209134615384616 0.10576923076923077 0.22235576923076922
0 0.6165865384615384 0.515625 0.09375 0.17307692307692307
0 0.8449519230769231 0.08052884615384616 0.13221153846153846 0.16105769230769232
0 0.9495192307692307 0.2127403846153846 0.04447115384615385 0.040865384615384616
0 0.9278846153846154 0.48677884615384615 0.13221153846153846 0.18509615384615385
0 0.9254807692307693 0.9711538461538461 0.10576923076923077 0.052884615384615384
0 0.7620192307692307 0.8389423076923077 0.15144230769230768 0.32091346153846156
0 0.6550480769230769 0.9495192307692307 0.040865384615384616 0.09615384615384616
0 0.6081730769230769 0.1045673076923077 0.25721153846153844 0.2091346153846154