2 0.7415865384615384 0.2608173076923077 0.1502403846153846 0.28846153846153844
0 0.6766826923076923 0.7848557692307693 0.11298076923076923 0.33052884615384615
0 0.6105769230769231 0.9615384615384616 0.03365384615384615 0.040865384615384616
0 0.7644230769230769 0.5240384615384616 0.16826923076923078 0.24879807692307693
0 0.8245192307692307 0.5012019230769231 0.07932692307692307 0.17067307692307693
0 0.5396634615384616 0.9423076923076923 0.06490384615384616 0.11057692307692307
0 0.2247596153846154 0.7596153846153846 0.04326923076923077 0.046875
0 0.5480769230769231 0.6887019230769231 0.09615384615384616 0.0673076923076923
0 0.3701923076923077 0.9723557692307693 0.06490384615384616 0.054086538461538464
0 0.2848557692307692 0.6971153846153846 0.025240384615384616 0.037259615384615384
0 0.34134615384615385 0.6574519230769231 0.056490384615384616 0.06971153846153846
0 0.18028846153846154 0.6550480769230769 0.051682692307692304 0.16105769230769232