0 0.41225961538461536 0.0985576923076923 0.29086538461538464 0.1971153846153846
3 0.6286057692307693 0.49038461538461536 0.23557692307692307 0.41225961538461536
2 0.47475961538461536 0.17427884615384615 0.12139423076923077 0.16346153846153846
0 0.5444711538461539 0.7271634615384616 0.13701923076923078 0.31850961538461536
0 0.1502403846153846 0.6862980769230769 0.0829326923076923 0.125
3 0.3954326923076923 0.4807692307692308 0.11658653846153846 0.26802884615384615
0 0.33413461538461536 0.5492788461538461 0.19471153846153846 0.2932692307692308
0 0.59375 0.8449519230769231 0.1201923076923077 0.30528846153846156
0 0.5793269230769231 0.6141826923076923 0.03245192307692308 0.039663461538461536
0 0.4891826923076923 0.5600961538461539 0.08653846153846154 0.31971153846153844
0 0.42788461538461536 0.39903846153846156 0.0829326923076923 0.2403846153846154