0 0.8689903846153846 0.6105769230769231 0.038461538461538464 0.11658653846153846
0 0.7740384615384616 0.5084134615384616 0.16346153846153846 0.09134615384615384
3 0.6382211538461539 0.33533653846153844 0.3557692307692308 0.44350961538461536
3 0.4411057692307692 0.4074519230769231 0.25721153846153844 0.6033653846153846
0 0.39302884615384615 0.5264423076923077 0.1622596153846154 0.2644230769230769
0 0.4519230769230769 0.7896634615384616 0.171875 0.22235576923076922
0 0.06009615384615385 0.38221153846153844 0.1201923076923077 0.5336538461538461
0 0.8653846153846154 0.1201923076923077 0.06850961538461539 0.1310096153846154
3 0.9855769230769231 0.8701923076923077 0.027644230769230768 0.18990384615384615
0 0.8521634615384616 0.2512019230769231 0.1875 0.20793269230769232
0 0.796875 0.19471153846153846 0.1045673076923077 0.14903846153846154
0 0.24278846153846154 0.40384615384615385 0.1141826923076923 0.171875
3 0.9182692307692307 0.6442307692307693 0.10336538461538461 0.10096153846153846