0 0.9182692307692307 0.5372596153846154 0.1622596153846154 0.27163461538461536
0 0.24158653846153846 0.7019230769230769 0.2764423076923077 0.3112980769230769
0 0.8473557692307693 0.578125 0.07932692307692307 0.2283653846153846
0 0.7764423076923077 0.14423076923076922 0.17067307692307693 0.28725961538461536
3 0.25 0.27163461538461536 0.07932692307692307 0.13942307692307693
0 0.3629807692307692 0.4050480769230769 0.15504807692307693 0.4230769230769231
3 0.49399038461538464 0.042067307692307696 0.04927884615384615 0.0829326923076923
0 0.96875 0.7259615384615384 0.06129807692307692 0.18870192307692307
0 0.9651442307692307 0.8485576923076923 0.06490384615384616 0.1346153846153846
0 0.8028846153846154 0.5673076923076923 0.05048076923076923 0.0985576923076923
0 0.8028846153846154 0.49278846153846156 0.08533653846153846 0.1045673076923077
3 0.953125 0.08533653846153846 0.0889423076923077 0.17067307692307693