3 0.33533653846153844 0.056490384615384616 0.052884615384615384 0.11177884615384616
0 0.6586538461538461 0.8701923076923077 0.06850961538461539 0.2548076923076923
3 0.8846153846153846 0.5144230769230769 0.12980769230769232 0.13581730769230768
0 0.6466346153846154 0.6370192307692307 0.09254807692307693 0.14423076923076922
0 0.16947115384615385 0.06610576923076923 0.17908653846153846 0.13221153846153846
0 0.5961538461538461 0.4206730769230769 0.14783653846153846 0.3233173076923077
3 0.14903846153846154 0.7259615384615384 0.2980769230769231 0.5432692307692307
0 0.27884615384615385 0.0733173076923077 0.11778846153846154 0.1466346153846154
0 0.24639423076923078 0.8557692307692307 0.1622596153846154 0.28725961538461536
0 0.055288461538461536 0.15745192307692307 0.11057692307692307 0.31490384615384615
0 0.5072115384615384 0.16826923076923078 0.12620192307692307 0.3245192307692308