3 0.11778846153846154 0.5372596153846154 0.23557692307692307 0.2860576923076923
0 0.5264423076923077 0.6742788461538461 0.32211538461538464 0.30528846153846156
0 0.3786057692307692 0.78125 0.17668269230769232 0.32091346153846156
0 0.8966346153846154 0.6538461538461539 0.20192307692307693 0.17307692307692307
0 0.2776442307692308 0.7247596153846154 0.03365384615384615 0.04807692307692308
0 0.6947115384615384 0.8064903846153846 0.0733173076923077 0.15504807692307693
0 0.8954326923076923 0.37740384615384615 0.11177884615384616 0.16947115384615385
0 0.84375 0.7319711538461539 0.3076923076923077 0.23317307692307693
2 0.5336538461538461 0.45072115384615385 0.15625 0.4362980769230769
3 0.375 0.16346153846153846 0.4098557692307692 0.32572115384615385
0 0.1935096153846154 0.8112980769230769 0.25240384615384615 0.3762019230769231
0 0.29086538461538464 0.47115384615384615 0.12139423076923077 0.25721153846153844
3 0.9254807692307693 0.484375 0.14423076923076922 0.3245192307692308
0 0.6959134615384616 0.39783653846153844 0.16826923076923078 0.3004807692307692