0 0.6754807692307693 0.10576923076923077 0.2776442307692308 0.21153846153846154
3 0.9074519230769231 0.5132211538461539 0.18028846153846154 0.39663461538461536
2 0.7367788461538461 0.1971153846153846 0.10697115384615384 0.15625
0 0.8629807692307693 0.7379807692307693 0.11899038461538461 0.2980769230769231
0 0.4735576923076923 0.6995192307692307 0.08052884615384616 0.12259615384615384
3 0.7103365384615384 0.49158653846153844 0.10096153846153846 0.25841346153846156
0 0.6454326923076923 0.5528846153846154 0.18629807692307693 0.2704326923076923
0 0.9050480769230769 0.8509615384615384 0.10336538461538461 0.2932692307692308
0 0.8990384615384616 0.6346153846153846 0.02283653846153846 0.026442307692307692
0 0.8016826923076923 0.5649038461538461 0.0889423076923077 0.2920673076923077
0 0.7151442307692307 0.41586538461538464 0.10576923076923077 0.23197115384615385
0 0.6706730769230769 0.41466346153846156 0.02283653846153846 0.04447115384615385
0 0.08173076923076923 0.9615384615384616 0.04567307692307692 0.07572115384615384