0 0.6105769230769231 0.10336538461538461 0.28125 0.20552884615384615
3 0.859375 0.5096153846153846 0.234375 0.39663461538461536
2 0.6730769230769231 0.19230769230769232 0.11298076923076923 0.15384615384615385
0 0.7848557692307693 0.7367788461538461 0.12139423076923077 0.31009615384615385
0 0.39302884615384615 0.6899038461538461 0.08173076923076923 0.11177884615384616
3 0.6346153846153846 0.4879807692307692 0.10096153846153846 0.2620192307692308
0 0.5697115384615384 0.5528846153846154 0.1875 0.2824519230769231
0 0.8305288461538461 0.8473557692307693 0.11778846153846154 0.3004807692307692
0 0.8233173076923077 0.6346153846153846 0.02403846153846154 0.03125
0 0.7235576923076923 0.5612980769230769 0.0889423076923077 0.296875
0 0.6478365384615384 0.4098557692307692 0.09735576923076923 0.2283653846153846
0 0.6021634615384616 0.41225961538461536 0.019230769230769232 0.039663461538461536
0 0.009615384615384616 0.9627403846153846 0.019230769230769232 0.06971153846153846