0 0.17067307692307693 0.7644230769230769 0.3076923076923077 0.46634615384615385
3 0.4014423076923077 0.8509615384615384 0.2536057692307692 0.296875
0 0.14302884615384615 0.5060096153846154 0.21514423076923078 0.47475961538461536
3 0.8978365384615384 0.11057692307692307 0.11177884615384616 0.13341346153846154
0 0.1201923076923077 0.6466346153846154 0.08774038461538461 0.125
3 0.38341346153846156 0.6682692307692307 0.1502403846153846 0.14543269230769232
0 0.3137019230769231 0.41346153846153844 0.10817307692307693 0.30408653846153844
0 0.7692307692307693 0.15985576923076922 0.12620192307692307 0.18509615384615385
3 0.7728365384615384 0.051682692307692304 0.203125 0.10336538461538461
3 0.8822115384615384 0.30528846153846156 0.23076923076923078 0.3173076923076923
3 0.6622596153846154 0.5348557692307693 0.17427884615384615 0.23317307692307693
0 0.3737980769230769 0.3485576923076923 0.3173076923076923 0.36177884615384615
3 0.2536057692307692 0.375 0.12980769230769232 0.3161057692307692
0 0.0625 0.7127403846153846 0.10336538461538461 0.11658653846153846