0 0.6021634615384616 0.6706730769230769 0.17668269230769232 0.6033653846153846
0 0.8713942307692307 0.5420673076923077 0.046875 0.07451923076923077
0 0.06009615384615385 0.4855769230769231 0.1201923076923077 0.16826923076923078
0 0.19471153846153846 0.07091346153846154 0.08052884615384616 0.14182692307692307
0 0.18629807692307693 0.21033653846153846 0.20432692307692307 0.21634615384615385
3 0.2127403846153846 0.9254807692307693 0.10336538461538461 0.12860576923076922
0 0.4026442307692308 0.8088942307692307 0.028846153846153848 0.1141826923076923
0 0.48197115384615385 0.8918269230769231 0.14302884615384615 0.21033653846153846
3 0.46875 0.6646634615384616 0.14543269230769232 0.1141826923076923
0 0.4098557692307692 0.4735576923076923 0.22716346153846154 0.41947115384615385
0 0.3233173076923077 0.5757211538461539 0.06129807692307692 0.1466346153846154
0 0.9603365384615384 0.5793269230769231 0.07451923076923077 0.17307692307692307
0 0.9555288461538461 0.9014423076923077 0.08413461538461539 0.19230769230769232
3 0.018028846153846152 0.9326923076923077 0.036057692307692304 0.13341346153846154
0 0.1141826923076923 0.14423076923076922 0.11057692307692307 0.16346153846153846
0 0.030048076923076924 0.35096153846153844 0.05889423076923077 0.10216346153846154