0 0.9699519230769231 0.9615384615384616 0.055288461538461536 0.07211538461538461
3 0.9194711538461539 0.7199519230769231 0.15625 0.49278846153846156
0 0.6706730769230769 0.9026442307692307 0.15384615384615385 0.1935096153846154
0 0.03125 0.6033653846153846 0.06129807692307692 0.13822115384615385
0 0.39663461538461536 0.14423076923076922 0.08533653846153846 0.12980769230769232
0 0.19110576923076922 0.7824519230769231 0.14302884615384615 0.09254807692307693
0 0.41466346153846156 0.49038461538461536 0.14302884615384615 0.36899038461538464
0 0.4423076923076923 0.23197115384615385 0.056490384615384616 0.13221153846153846
3 0.5492788461538461 0.09975961538461539 0.3786057692307692 0.19831730769230768
0 0.9170673076923077 0.15745192307692307 0.1466346153846154 0.30649038461538464
0 0.8461538461538461 0.3173076923076923 0.1466346153846154 0.2127403846153846
3 0.9447115384615384 0.45552884615384615 0.07451923076923077 0.08173076923076923
0 0.953125 0.38461538461538464 0.0889423076923077 0.1971153846153846
3 0.7463942307692307 0.5889423076923077 0.171875 0.2860576923076923