3 0.7992788461538461 0.3473557692307692 0.06370192307692307 0.12139423076923077
0 0.8605769230769231 0.5817307692307693 0.20552884615384615 0.1935096153846154
0 0.4543269230769231 0.25721153846153844 0.22716346153846154 0.20072115384615385
3 0.9411057692307693 0.38341346153846156 0.11298076923076923 0.41586538461538464
0 0.8353365384615384 0.4098557692307692 0.0985576923076923 0.22235576923076922
0 0.26322115384615385 0.6081730769230769 0.12620192307692307 0.21033653846153846
0 0.49158653846153844 0.6646634615384616 0.16466346153846154 0.19110576923076922
0 0.6274038461538461 0.42788461538461536 0.3125 0.6682692307692307
0 0.796875 0.796875 0.12860576923076922 0.21033653846153846
0 0.10336538461538461 0.8942307692307693 0.12980769230769232 0.21033653846153846
0 0.5564903846153846 0.5637019230769231 0.12259615384615384 0.31009615384615385