0 0.5480769230769231 0.7680288461538461 0.12860576923076922 0.14783653846153846
3 0.6189903846153846 0.31009615384615385 0.38100961538461536 0.5144230769230769
3 0.4387019230769231 0.65625 0.1201923076923077 0.26802884615384615
0 0.17427884615384615 0.7764423076923077 0.3485576923076923 0.42427884615384615
0 0.06971153846153846 0.45913461538461536 0.13942307692307693 0.33653846153846156
1 0.5384615384615384 0.6262019230769231 0.10697115384615384 0.15865384615384615
3 0.36658653846153844 0.75 0.06009615384615385 0.3425480769230769
3 0.8930288461538461 0.26322115384615385 0.2091346153846154 0.5264423076923077
0 0.37740384615384615 0.27283653846153844 0.16706730769230768 0.41586538461538464
0 0.9038461538461539 0.5408653846153846 0.1875 0.30288461538461536
0 0.984375 0.4423076923076923 0.026442307692307692 0.13942307692307693
0 0.9182692307692307 0.6935096153846154 0.15865384615384615 0.27163461538461536