0 0.5889423076923077 0.75 0.0673076923076923 0.052884615384615384
0 0.5805288461538461 0.5949519230769231 0.0985576923076923 0.20072115384615385
0 0.125 0.9759615384615384 0.05048076923076923 0.046875
3 0.5024038461538461 0.6899038461538461 0.2548076923076923 0.359375
0 0.16826923076923078 0.6862980769230769 0.07932692307692307 0.10697115384615384
0 0.8798076923076923 0.9326923076923077 0.06009615384615385 0.1141826923076923
0 0.9507211538461539 0.8605769230769231 0.040865384615384616 0.06850961538461539
0 0.8221153846153846 0.7776442307692307 0.20192307692307693 0.43990384615384615
3 0.4014423076923077 0.13341346153846154 0.027644230769230768 0.09735576923076923
0 0.4026442307692308 0.2536057692307692 0.07091346153846154 0.11538461538461539
0 0.40865384615384615 0.390625 0.15865384615384615 0.22956730769230768
0 0.28846153846153844 0.43990384615384615 0.1622596153846154 0.3918269230769231
3 0.5120192307692307 0.27403846153846156 0.16466346153846154 0.14302884615384615
0 0.3269230769230769 0.8233173076923077 0.2932692307692308 0.3485576923076923
3 0.6658653846153846 0.6947115384615384 0.16826923076923078 0.609375
3 0.328125 0.32091346153846156 0.09495192307692307 0.078125
3 0.20192307692307693 0.5144230769230769 0.056490384615384616 0.11177884615384616