0 0.9567307692307693 0.140625 0.08173076923076923 0.2620192307692308
3 0.20192307692307693 0.17548076923076922 0.2800480769230769 0.34975961538461536
0 0.02283653846153846 0.24158653846153846 0.04567307692307692 0.1466346153846154
0 0.08413461538461539 0.3112980769230769 0.10576923076923077 0.15745192307692307
3 0.10817307692307693 0.5528846153846154 0.14783653846153846 0.36899038461538464
3 0.1141826923076923 0.625 0.10096153846153846 0.15264423076923078
0 0.028846153846153848 0.5721153846153846 0.057692307692307696 0.33653846153846156
3 0.9134615384615384 0.36658653846153844 0.16826923076923078 0.30528846153846156
3 0.5504807692307693 0.5612980769230769 0.22956730769230768 0.5288461538461539
0 0.34134615384615385 0.8786057692307693 0.15625 0.14182692307692307
3 0.5384615384615384 0.7596153846153846 0.05048076923076923 0.12860576923076922
0 0.5661057692307693 0.8341346153846154 0.13942307692307693 0.19591346153846154
0 0.7487980769230769 0.5324519230769231 0.1971153846153846 0.33774038461538464
0 0.9146634615384616 0.5456730769230769 0.1658653846153846 0.2980769230769231