0 0.9014423076923077 0.43149038461538464 0.19230769230769232 0.19471153846153846
0 0.056490384615384616 0.16466346153846154 0.11298076923076923 0.27283653846153844
3 0.125 0.7151442307692307 0.10096153846153846 0.28846153846153844
0 0.1814903846153846 0.6598557692307693 0.06009615384615385 0.18990384615384615
0 0.35096153846153844 0.21153846153846154 0.3605769230769231 0.4230769230769231
0 0.6766826923076923 0.2439903846153846 0.18509615384615385 0.25841346153846156
0 0.8473557692307693 0.9579326923076923 0.09014423076923077 0.0829326923076923
0 0.7704326923076923 0.5685096153846154 0.3713942307692308 0.4411057692307692
0 0.9855769230769231 0.33533653846153844 0.027644230769230768 0.24158653846153846
0 0.9783653846153846 0.7848557692307693 0.038461538461538464 0.14182692307692307
0 0.007211538461538462 0.5504807692307693 0.014423076923076924 0.14423076923076922
3 0.0733173076923077 0.030048076923076924 0.12259615384615384 0.06009615384615385