3 0.6887019230769231 0.057692307692307696 0.13221153846153846 0.11538461538461539
3 0.8930288461538461 0.19471153846153846 0.2091346153846154 0.3894230769230769
3 0.07572115384615384 0.8377403846153846 0.15144230769230768 0.31971153846153844
0 0.036057692307692304 0.6502403846153846 0.07211538461538461 0.22596153846153846
0 0.375 0.8485576923076923 0.28365384615384615 0.2980769230769231
0 0.45072115384615385 0.5600961538461539 0.23798076923076922 0.5336538461538461
0 0.4050480769230769 0.2848557692307692 0.07572115384615384 0.10216346153846154
0 0.5877403846153846 0.24519230769230768 0.18629807692307693 0.3870192307692308
0 0.6814903846153846 0.31850961538461536 0.09375 0.22596153846153846
0 0.6201923076923077 0.7584134615384616 0.13701923076923078 0.4098557692307692
3 0.8233173076923077 0.5853365384615384 0.11899038461538461 0.359375
0 0.6754807692307693 0.5985576923076923 0.20793269230769232 0.36177884615384615
0 0.9915865384615384 0.9074519230769231 0.01201923076923077 0.11778846153846154
0 0.7740384615384616 0.3557692307692308 0.0985576923076923 0.15625
0 0.8509615384615384 0.6502403846153846 0.052884615384615384 0.13942307692307693