0 0.4206730769230769 0.4254807692307692 0.19230769230769232 0.4651442307692308
3 0.037259615384615384 0.7632211538461539 0.07451923076923077 0.23317307692307693
0 0.06610576923076923 0.49759615384615385 0.1310096153846154 0.34975961538461536
0 0.16346153846153846 0.47836538461538464 0.10697115384615384 0.29086538461538464
3 0.2764423076923077 0.4338942307692308 0.3389423076923077 0.5288461538461539
0 0.36538461538461536 0.12620192307692307 0.2536057692307692 0.25240384615384615
0 0.7475961538461539 0.8028846153846154 0.15865384615384615 0.296875
0 0.6947115384615384 0.484375 0.13581730769230768 0.38461538461538464
0 0.2403846153846154 0.5528846153846154 0.15504807692307693 0.19471153846153846
3 0.9435096153846154 0.25961538461538464 0.11177884615384616 0.2536057692307692
0 0.49759615384615385 0.6141826923076923 0.07451923076923077 0.09615384615384616