3 0.10096153846153846 0.3401442307692308 0.20072115384615385 0.36177884615384615
0 0.026442307692307692 0.6213942307692307 0.052884615384615384 0.2091346153846154
0 0.2439903846153846 0.4795673076923077 0.35336538461538464 0.36899038461538464
0 0.6129807692307693 0.17668269230769232 0.19951923076923078 0.35336538461538464
3 0.2848557692307692 0.6394230769230769 0.25721153846153844 0.20552884615384615
3 0.3401442307692308 0.31009615384615385 0.11177884615384616 0.13701923076923078
3 0.2536057692307692 0.33653846153846156 0.08173076923076923 0.09375
0 0.984375 0.3088942307692308 0.026442307692307692 0.1658653846153846
3 0.43990384615384615 0.9399038461538461 0.1971153846153846 0.11538461538461539
3 0.6286057692307693 0.6550480769230769 0.0889423076923077 0.22716346153846154
3 0.31490384615384615 0.7331730769230769 0.19230769230769232 0.11538461538461539
2 0.051682692307692304 0.12860576923076922 0.10216346153846154 0.18028846153846154