0 0.11538461538461539 0.8497596153846154 0.23076923076923078 0.2956730769230769
0 0.5492788461538461 0.3641826923076923 0.14302884615384615 0.1814903846153846
0 0.3581730769230769 0.5 0.12740384615384615 0.22355769230769232
0 0.4326923076923077 0.7608173076923077 0.27403846153846156 0.3641826923076923
0 0.9098557692307693 0.15745192307692307 0.17908653846153846 0.3137019230769231
0 0.9146634615384616 0.6502403846153846 0.1658653846153846 0.18509615384615385
3 0.9026442307692307 0.7415865384615384 0.17908653846153846 0.2536057692307692
0 0.7403846153846154 0.06129807692307692 0.13221153846153846 0.12139423076923077
0 0.7427884615384616 0.21995192307692307 0.10216346153846154 0.23918269230769232
0 0.6670673076923077 0.6586538461538461 0.21995192307692307 0.31850961538461536
0 0.53125 0.5132211538461539 0.19951923076923078 0.26322115384615385