3 0.026442307692307692 0.5144230769230769 0.051682692307692304 0.25
0 0.3016826923076923 0.75 0.11177884615384616 0.19471153846153846
0 0.4543269230769231 0.7620192307692307 0.2980769230769231 0.47115384615384615
0 0.953125 0.4206730769230769 0.0889423076923077 0.3125
0 0.8521634615384616 0.3786057692307692 0.20793269230769232 0.49759615384615385
0 0.7487980769230769 0.5564903846153846 0.08173076923076923 0.16346153846153846
0 0.5973557692307693 0.6177884615384616 0.18389423076923078 0.25961538461538464
0 0.6754807692307693 0.8689903846153846 0.19230769230769232 0.25721153846153844
0 0.5072115384615384 0.2668269230769231 0.12740384615384615 0.328125
0 0.3798076923076923 0.36778846153846156 0.17307692307692307 0.16826923076923078
0 0.49399038461538464 0.5072115384615384 0.039663461538461536 0.1201923076923077