0 0.78125 0.30649038461538464 0.20793269230769232 0.3088942307692308
0 0.9483173076923077 0.3701923076923077 0.0985576923076923 0.22115384615384615
1 0.734375 0.06129807692307692 0.06850961538461539 0.109375
1 0.5817307692307693 0.2644230769230769 0.16826923076923078 0.17307692307692307
0 0.8762019230769231 0.3762019230769231 0.10216346153846154 0.27524038461538464
0 0.7163461538461539 0.25961538461538464 0.12379807692307693 0.3076923076923077
0 0.7980769230769231 0.5072115384615384 0.140625 0.10336538461538461
0 0.03485576923076923 0.5709134615384616 0.06971153846153846 0.20793269230769232
3 0.24639423076923078 0.07932692307692307 0.11778846153846154 0.15865384615384615
0 0.0673076923076923 0.45552884615384615 0.1346153846153846 0.25600961538461536
3 0.32091346153846156 0.6586538461538461 0.25841346153846156 0.6586538461538461