3 0.78125 0.2956730769230769 0.171875 0.27524038461538464
0 0.890625 0.6237980769230769 0.14543269230769232 0.2439903846153846
3 0.6814903846153846 0.1875 0.19110576923076922 0.36658653846153844
3 0.43509615384615385 0.47596153846153844 0.21754807692307693 0.5985576923076923
3 0.15504807692307693 0.3004807692307692 0.31009615384615385 0.5997596153846154
0 0.08413461538461539 0.7055288461538461 0.16706730769230768 0.43028846153846156
0 0.15504807692307693 0.921875 0.20432692307692307 0.15144230769230768
0 0.028846153846153848 0.9651442307692307 0.057692307692307696 0.06490384615384616
0 0.020432692307692308 0.4362980769230769 0.040865384615384616 0.11298076923076923
0 0.24278846153846154 0.6742788461538461 0.09254807692307693 0.11658653846153846
0 0.2091346153846154 0.46634615384615385 0.09375 0.16826923076923078
0 0.875 0.4206730769230769 0.10216346153846154 0.15625