0 0.265625 0.7716346153846154 0.14783653846153846 0.21995192307692307
3 0.4050480769230769 0.7007211538461539 0.17067307692307693 0.2512019230769231
3 0.8846153846153846 0.859375 0.19591346153846154 0.2800480769230769
0 0.9471153846153846 0.47475961538461536 0.10096153846153846 0.35336538461538464
0 0.7127403846153846 0.10096153846153846 0.13341346153846154 0.20072115384615385
0 0.5408653846153846 0.47475961538461536 0.2620192307692308 0.421875
0 0.3329326923076923 0.6959134615384616 0.042067307692307696 0.0829326923076923
0 0.27524038461538464 0.6021634615384616 0.03365384615384615 0.046875
0 0.028846153846153848 0.3545673076923077 0.057692307692307696 0.23317307692307693
0 0.3137019230769231 0.36538461538461536 0.18629807692307693 0.16346153846153846
0 0.1971153846153846 0.6370192307692307 0.09735576923076923 0.20072115384615385