0 0.9759615384615384 0.421875 0.04326923076923077 0.17548076923076922
3 0.7091346153846154 0.2920673076923077 0.16947115384615385 0.2800480769230769
0 0.8197115384615384 0.6502403846153846 0.13701923076923078 0.3016826923076923
3 0.6141826923076923 0.18389423076923078 0.19951923076923078 0.36778846153846156
3 0.36177884615384615 0.4651442307692308 0.20072115384615385 0.6129807692307693
3 0.11778846153846154 0.28846153846153844 0.23557692307692307 0.5769230769230769
0 0.039663461538461536 0.7115384615384616 0.07932692307692307 0.375
0 0.09134615384615384 0.9206730769230769 0.18269230769230768 0.15384615384615385
0 0.16947115384615385 0.6694711538461539 0.09254807692307693 0.1201923076923077
0 0.1346153846153846 0.4495192307692308 0.09134615384615384 0.15865384615384615
0 0.8100961538461539 0.4170673076923077 0.10216346153846154 0.1622596153846154