3 0.7139423076923077 0.30528846153846156 0.27524038461538464 0.6009615384615384
3 0.9555288461538461 0.8834134615384616 0.08413461538461539 0.12259615384615384
3 0.9411057692307693 0.04807692307692308 0.11298076923076923 0.09615384615384616
0 0.6802884615384616 0.24278846153846154 0.1346153846153846 0.1201923076923077
0 0.5432692307692307 0.7584134615384616 0.23677884615384615 0.3942307692307692
0 0.8629807692307693 0.7752403846153846 0.2692307692307692 0.3870192307692308
0 0.6862980769230769 0.7019230769230769 0.09735576923076923 0.21875
0 0.71875 0.4651442307692308 0.06009615384615385 0.078125
0 0.6418269230769231 0.41346153846153844 0.04567307692307692 0.054086538461538464
0 0.7932692307692307 0.2620192307692308 0.0673076923076923 0.09975961538461539
3 0.9134615384615384 0.3233173076923077 0.16826923076923078 0.38221153846153844
0 0.10096153846153846 0.2091346153846154 0.20192307692307693 0.2824519230769231
3 0.33052884615384615 0.3858173076923077 0.1778846153846154 0.19831730769230768
0 0.32091346153846156 0.14182692307692307 0.2127403846153846 0.2824519230769231