2 0.057692307692307696 0.6418269230769231 0.11538461538461539 0.23798076923076922
0 0.02403846153846154 0.4651442307692308 0.04807692307692308 0.15384615384615385
0 0.3173076923076923 0.06370192307692307 0.1875 0.12740384615384615
0 0.46153846153846156 0.16947115384615385 0.32211538461538464 0.1658653846153846
0 0.14423076923076922 0.3581730769230769 0.0985576923076923 0.1778846153846154
3 0.23076923076923078 0.30288461538461536 0.15144230769230768 0.4074519230769231
0 0.9507211538461539 0.3870192307692308 0.09375 0.13942307692307693
0 0.7572115384615384 0.7403846153846154 0.27884615384615385 0.5144230769230769
0 0.5889423076923077 0.06129807692307692 0.21153846153846154 0.12139423076923077
0 0.7644230769230769 0.11298076923076923 0.20552884615384615 0.2247596153846154
3 0.10576923076923077 0.3581730769230769 0.12980769230769232 0.16105769230769232