0 0.2800480769230769 0.31490384615384615 0.1622596153846154 0.15865384615384615
0 0.3737980769230769 0.0625 0.14543269230769232 0.125
0 0.13942307692307693 0.5805288461538461 0.27884615384615385 0.3858173076923077
0 0.6478365384615384 0.3641826923076923 0.13822115384615385 0.16105769230769232
0 0.35096153846153844 0.7163461538461539 0.234375 0.46274038461538464
2 0.8161057692307693 0.47596153846153844 0.10096153846153846 0.1622596153846154
0 0.5456730769230769 0.2764423076923077 0.1045673076923077 0.25961538461538464
2 0.7932692307692307 0.3449519230769231 0.15865384615384615 0.21754807692307693
0 0.8617788461538461 0.030048076923076924 0.07451923076923077 0.06009615384615385
3 0.38341346153846156 0.17307692307692307 0.28125 0.14783653846153846
0 0.640625 0.5516826923076923 0.14302884615384615 0.13341346153846154
0 0.6418269230769231 0.4543269230769231 0.19951923076923078 0.16947115384615385
3 0.53125 0.7451923076923077 0.21514423076923078 0.42788461538461536
0 0.4855769230769231 0.2920673076923077 0.11778846153846154 0.296875
2 0.6634615384615384 0.055288461538461536 0.16466346153846154 0.11057692307692307