0 0.9711538461538461 0.6778846153846154 0.052884615384615384 0.2548076923076923
2 0.5480769230769231 0.6189903846153846 0.3137019230769231 0.5721153846153846
0 0.7439903846153846 0.49038461538461536 0.08052884615384616 0.22355769230769232
0 0.35096153846153844 0.6826923076923077 0.21995192307692307 0.3233173076923077
0 0.037259615384615384 0.9555288461538461 0.07451923076923077 0.08413461538461539
3 0.4543269230769231 0.21153846153846154 0.04447115384615385 0.09134615384615384
3 0.4567307692307692 0.10817307692307693 0.06850961538461539 0.04326923076923077
0 0.49158653846153844 0.18509615384615385 0.09375 0.1502403846153846
0 0.0673076923076923 0.125 0.1346153846153846 0.25
0 0.038461538461538464 0.2956730769230769 0.07692307692307693 0.28365384615384615
3 0.11658653846153846 0.4338942307692308 0.054086538461538464 0.12980769230769232
3 0.26322115384615385 0.26322115384615385 0.15504807692307693 0.18389423076923078
0 0.203125 0.7019230769230769 0.3088942307692308 0.5949519230769231