0 0.6502403846153846 0.6911057692307693 0.20072115384615385 0.2692307692307692
3 0.6574519230769231 0.12379807692307693 0.06971153846153846 0.1141826923076923
3 0.45072115384615385 0.35216346153846156 0.3485576923076923 0.34375
0 0.054086538461538464 0.35216346153846156 0.10817307692307693 0.31490384615384615
0 0.014423076923076924 0.59375 0.027644230769230768 0.11538461538461539
3 0.8233173076923077 0.6502403846153846 0.1658653846153846 0.25
0 0.8221153846153846 0.05889423076923077 0.12139423076923077 0.11778846153846154
0 0.4879807692307692 0.6790865384615384 0.03485576923076923 0.06129807692307692
0 0.3581730769230769 0.6430288461538461 0.15745192307692307 0.22956730769230768
0 0.39903846153846156 0.5829326923076923 0.1778846153846154 0.31971153846153844
0 0.9927884615384616 0.6850961538461539 0.013221153846153846 0.09615384615384616
3 0.6394230769230769 0.8353365384615384 0.12259615384615384 0.15865384615384615