3 0.6045673076923077 0.6514423076923077 0.125 0.24158653846153846
3 0.3605769230769231 0.8341346153846154 0.20072115384615385 0.31971153846153844
0 0.8461538461538461 0.6225961538461539 0.21153846153846154 0.41346153846153844
0 0.9086538461538461 0.2403846153846154 0.109375 0.12860576923076922
0 0.5252403846153846 0.040865384615384616 0.16466346153846154 0.08173076923076923
3 0.5913461538461539 0.36778846153846156 0.16706730769230768 0.07451923076923077
2 0.49158653846153844 0.2668269230769231 0.1466346153846154 0.20552884615384615
3 0.23918269230769232 0.35697115384615385 0.47836538461538464 0.3557692307692308
0 0.47596153846153844 0.421875 0.1346153846153846 0.14543269230769232
3 0.9326923076923077 0.359375 0.13341346153846154 0.3088942307692308
3 0.8990384615384616 0.13701923076923078 0.1971153846153846 0.27403846153846156
3 0.16105769230769232 0.7247596153846154 0.06971153846153846 0.16826923076923078