0 0.9110576923076923 0.5612980769230769 0.17307692307692307 0.3293269230769231
0 0.171875 0.3798076923076923 0.3425480769230769 0.47115384615384615
0 0.3870192307692308 0.9447115384615384 0.057692307692307696 0.10576923076923077
3 0.9170673076923077 0.8413461538461539 0.03125 0.08413461538461539
3 0.9747596153846154 0.7355769230769231 0.04567307692307692 0.10576923076923077
0 0.9483173076923077 0.859375 0.0985576923076923 0.2764423076923077
0 0.8473557692307693 0.9771634615384616 0.11298076923076923 0.040865384615384616
0 0.2932692307692308 0.11778846153846154 0.2980769230769231 0.234375
0 0.11899038461538461 0.8088942307692307 0.20432692307692307 0.37740384615384615
0 0.20793269230769232 0.2247596153846154 0.09495192307692307 0.07091346153846154
0 0.47475961538461536 0.7451923076923077 0.14903846153846154 0.1658653846153846
0 0.0985576923076923 0.5637019230769231 0.055288461538461536 0.03365384615384615
0 0.054086538461538464 0.5769230769230769 0.03485576923076923 0.037259615384615384
2 0.7932692307692307 0.36177884615384615 0.09975961538461539 0.140625