3 0.49278846153846156 0.3641826923076923 0.125 0.10336538461538461
0 0.9579326923076923 0.1622596153846154 0.07932692307692307 0.23317307692307693
0 0.39783653846153844 0.5673076923076923 0.03125 0.08413461538461539
0 0.8076923076923077 0.5528846153846154 0.2512019230769231 0.23197115384615385
3 0.6141826923076923 0.38341346153846156 0.06129807692307692 0.06490384615384616
0 0.4735576923076923 0.17908653846153846 0.1971153846153846 0.328125
0 0.4795673076923077 0.44471153846153844 0.12860576923076922 0.11177884615384616
0 0.028846153846153848 0.22355769230769232 0.057692307692307696 0.09254807692307693
3 0.13341346153846154 0.20552884615384615 0.125 0.12740384615384615
0 0.4879807692307692 0.7548076923076923 0.12259615384615384 0.1971153846153846
0 0.9254807692307693 0.7704326923076923 0.09134615384615384 0.18629807692307693