0 0.9158653846153846 0.828125 0.16346153846153846 0.3389423076923077
0 0.8629807692307693 0.9723557692307693 0.08173076923076923 0.05048076923076923
0 0.8257211538461539 0.6862980769230769 0.08533653846153846 0.19471153846153846
0 0.8365384615384616 0.34615384615384615 0.08052884615384616 0.040865384615384616
2 0.421875 0.3076923076923077 0.09254807692307693 0.17307692307692307
0 0.7127403846153846 0.41947115384615385 0.14783653846153846 0.15985576923076922
0 0.7319711538461539 0.23677884615384615 0.3713942307692308 0.30528846153846156
0 0.4891826923076923 0.46153846153846156 0.12259615384615384 0.15144230769230768
0 0.41586538461538464 0.8112980769230769 0.2403846153846154 0.37259615384615385
0 0.234375 0.7980769230769231 0.20673076923076922 0.36778846153846156
0 0.38461538461538464 0.5973557692307693 0.16346153846153846 0.32572115384615385
3 0.7259615384615384 0.6045673076923077 0.19471153846153846 0.2403846153846154