2 0.9110576923076923 0.3858173076923077 0.055288461538461536 0.09134615384615384
0 0.33533653846153844 0.6009615384615384 0.26802884615384615 0.265625
0 0.03365384615384615 0.9326923076923077 0.0673076923076923 0.12980769230769232
0 0.1466346153846154 0.8449519230769231 0.17067307692307693 0.25600961538461536
0 0.11538461538461539 0.20793269230769232 0.15865384615384615 0.3701923076923077
0 0.39663461538461536 0.6899038461538461 0.26802884615384615 0.15865384615384615
0 0.4543269230769231 0.41225961538461536 0.17067307692307693 0.27163461538461536
3 0.8822115384615384 0.3016826923076923 0.04447115384615385 0.0889423076923077
0 0.9675480769230769 0.25841346153846156 0.06009615384615385 0.16105769230769232
0 0.8918269230769231 0.43149038461538464 0.11538461538461539 0.2980769230769231
0 0.11899038461538461 0.5492788461538461 0.0733173076923077 0.09975961538461539