3 0.4411057692307692 0.671875 0.16947115384615385 0.27884615384615385
0 0.49759615384615385 0.6310096153846154 0.22355769230769232 0.34975961538461536
0 0.5528846153846154 0.38461538461538464 0.21153846153846154 0.15865384615384615
0 0.6045673076923077 0.16105769230769232 0.10336538461538461 0.32211538461538464
0 0.7079326923076923 0.016826923076923076 0.025240384615384616 0.03365384615384615
0 0.9423076923076923 0.7836538461538461 0.11057692307692307 0.23076923076923078
0 0.7536057692307693 0.039663461538461536 0.042067307692307696 0.07211538461538461
3 0.6694711538461539 0.49278846153846156 0.4254807692307692 0.5372596153846154
0 0.41947115384615385 0.3737980769230769 0.10216346153846154 0.21153846153846154
0 0.3269230769230769 0.30288461538461536 0.18990384615384615 0.3870192307692308
0 0.07932692307692307 0.3485576923076923 0.15865384615384615 0.2692307692307692
0 0.20552884615384615 0.8461538461538461 0.2668269230769231 0.30288461538461536
0 0.3713942307692308 0.7668269230769231 0.25721153846153844 0.46153846153846156
0 0.8653846153846154 0.2620192307692308 0.0829326923076923 0.1502403846153846