0 0.8004807692307693 0.6490384615384616 0.31490384615384615 0.5072115384615384
3 0.9411057692307693 0.6274038461538461 0.11298076923076923 0.3798076923076923
0 0.09975961538461539 0.5829326923076923 0.19831730769230768 0.3762019230769231
0 0.16826923076923078 0.2668269230769231 0.2403846153846154 0.21995192307692307
0 0.3641826923076923 0.328125 0.16346153846153846 0.33413461538461536
1 0.78125 0.35336538461538464 0.10697115384615384 0.14302884615384615
0 0.04567307692307692 0.43990384615384615 0.09134615384615384 0.15264423076923078
3 0.9038461538461539 0.21754807692307693 0.1466346153846154 0.3737980769230769
0 0.9362980769230769 0.3701923076923077 0.040865384615384616 0.15985576923076922
3 0.9567307692307693 0.14783653846153846 0.08533653846153846 0.2956730769230769
0 0.953125 0.8665865384615384 0.0889423076923077 0.13701923076923078
1 0.22716346153846154 0.46033653846153844 0.12139423076923077 0.2091346153846154