1 0.9639423076923077 0.7560096153846154 0.0673076923076923 0.18028846153846154
0 0.015625 0.10697115384615384 0.03125 0.1310096153846154
0 0.6983173076923077 0.5961538461538461 0.20552884615384615 0.5072115384615384
0 0.35697115384615385 0.43028846153846156 0.1201923076923077 0.25841346153846156
0 0.4543269230769231 0.6790865384615384 0.13221153846153846 0.2776442307692308
1 0.4735576923076923 0.09615384615384616 0.13822115384615385 0.13341346153846154
0 0.859375 0.4963942307692308 0.22596153846153846 0.3737980769230769
3 0.8473557692307693 0.6706730769230769 0.21754807692307693 0.5192307692307693
3 0.9399038461538461 0.53125 0.11899038461538461 0.4206730769230769
0 0.9675480769230769 0.34134615384615385 0.06009615384615385 0.0673076923076923
2 0.9411057692307693 0.18629807692307693 0.11298076923076923 0.23317307692307693