0 0.9074519230769231 0.24158653846153846 0.1141826923076923 0.1971153846153846
0 0.17668269230769232 0.09254807692307693 0.17067307692307693 0.18389423076923078
0 0.07211538461538461 0.1875 0.14423076923076922 0.375
0 0.5576923076923077 0.71875 0.24879807692307693 0.1814903846153846
0 0.515625 0.38341346153846156 0.14543269230769232 0.10817307692307693
0 0.734375 0.8125 0.20432692307692307 0.3701923076923077
0 0.7223557692307693 0.3641826923076923 0.06971153846153846 0.09014423076923077
0 0.8245192307692307 0.24158653846153846 0.08653846153846154 0.1201923076923077
3 0.8701923076923077 0.5817307692307693 0.2548076923076923 0.3894230769230769
0 0.8762019230769231 0.35096153846153844 0.13221153846153846 0.16346153846153846
3 0.8990384615384616 0.8762019230769231 0.1971153846153846 0.17548076923076922