2 0.8713942307692307 0.41466346153846156 0.17548076923076922 0.21754807692307693
0 0.6322115384615384 0.4326923076923077 0.028846153846153848 0.026442307692307692
3 0.44471153846153844 0.25600961538461536 0.19471153846153846 0.28365384615384615
0 0.4963942307692308 0.17307692307692307 0.29927884615384615 0.3449519230769231
0 0.9543269230769231 0.44350961538461536 0.04567307692307692 0.04807692307692308
0 0.2247596153846154 0.08173076923076923 0.15504807692307693 0.1622596153846154
0 0.8665865384615384 0.08653846153846154 0.18028846153846154 0.17307692307692307
0 0.6634615384615384 0.4879807692307692 0.05889423076923077 0.140625
3 0.5228365384615384 0.4338942307692308 0.3449519230769231 0.30528846153846156
2 0.08533653846153846 0.2800480769230769 0.16947115384615385 0.11057692307692307
0 0.7860576923076923 0.4375 0.04807692307692308 0.057692307692307696