0 0.8521634615384616 0.19230769230769232 0.10576923076923077 0.12740384615384615
0 0.10817307692307693 0.4266826923076923 0.21634615384615385 0.29927884615384615
0 0.8954326923076923 0.6117788461538461 0.19831730769230768 0.24519230769230768
0 0.9242788461538461 0.44350961538461536 0.1502403846153846 0.1875
0 0.75 0.5793269230769231 0.18028846153846154 0.41225961538461536
0 0.49278846153846156 0.390625 0.23197115384615385 0.2800480769230769
0 0.3076923076923077 0.6766826923076923 0.14423076923076922 0.4951923076923077
0 0.46634615384615385 0.8076923076923077 0.19230769230769232 0.38341346153846156
0 0.09735576923076923 0.8798076923076923 0.17427884615384615 0.23918269230769232
3 0.2439903846153846 0.6682692307692307 0.13221153846153846 0.2920673076923077
3 0.9074519230769231 0.6706730769230769 0.0625 0.06971153846153846
3 0.8713942307692307 0.5516826923076923 0.05889423076923077 0.09254807692307693
0 0.49399038461538464 0.5757211538461539 0.19230769230769232 0.16826923076923078