0 0.984375 0.40865384615384615 0.026442307692307692 0.08173076923076923
0 0.9302884615384616 0.6875 0.1346153846153846 0.27403846153846156
0 0.7596153846153846 0.07932692307692307 0.1201923076923077 0.15384615384615385
0 0.6911057692307693 0.11177884615384616 0.14783653846153846 0.22235576923076922
2 0.4375 0.039663461538461536 0.11298076923076923 0.07932692307692307
0 0.020432692307692308 0.3545673076923077 0.040865384615384616 0.17067307692307693
0 0.14903846153846154 0.7788461538461539 0.15625 0.19831730769230768
0 0.42908653846153844 0.6971153846153846 0.3954326923076923 0.35216346153846156
3 0.7487980769230769 0.6730769230769231 0.0889423076923077 0.1935096153846154
0 0.6658653846153846 0.6478365384615384 0.13221153846153846 0.36177884615384615
0 0.5384615384615384 0.33413461538461536 0.28966346153846156 0.30649038461538464