0 0.9050480769230769 0.21033653846153846 0.18509615384615385 0.1658653846153846
0 0.9795673076923077 0.09735576923076923 0.036057692307692304 0.09375
3 0.03485576923076923 0.19591346153846154 0.06971153846153846 0.08533653846153846
0 0.8221153846153846 0.3798076923076923 0.13701923076923078 0.23798076923076922
0 0.9098557692307693 0.6694711538461539 0.17548076923076922 0.38221153846153844
0 0.7463942307692307 0.4891826923076923 0.24158653846153846 0.2764423076923077
0 0.8040865384615384 0.6706730769230769 0.04807692307692308 0.06971153846153846
2 0.8341346153846154 0.055288461538461536 0.10576923076923077 0.11057692307692307
0 0.6213942307692307 0.7920673076923077 0.37740384615384615 0.4110576923076923
0 0.65625 0.17908653846153846 0.07451923076923077 0.27163461538461536
0 0.37740384615384615 0.08653846153846154 0.09975961538461539 0.17307692307692307