1 0.5661057692307693 0.6262019230769231 0.09495192307692307 0.10697115384615384
0 0.953125 0.6490384615384616 0.09254807692307693 0.3245192307692308
0 0.018028846153846152 0.5192307692307693 0.036057692307692304 0.07211538461538461
0 0.7956730769230769 0.5733173076923077 0.06129807692307692 0.10336538461538461
0 0.19591346153846154 0.6658653846153846 0.05889423076923077 0.11057692307692307
0 0.6935096153846154 0.7788461538461539 0.2824519230769231 0.3112980769230769
0 0.43509615384615385 0.8858173076923077 0.07932692307692307 0.05048076923076923
0 0.5973557692307693 0.5096153846153846 0.12259615384615384 0.20793269230769232
0 0.01201923076923077 0.4266826923076923 0.02403846153846154 0.10336538461538461
3 0.16105769230769232 0.7175480769230769 0.32211538461538464 0.38221153846153844
0 0.13581730769230768 0.9074519230769231 0.27163461538461536 0.18028846153846154
0 0.7776442307692307 0.2860576923076923 0.1310096153846154 0.24879807692307693
3 0.16706730769230768 0.03485576923076923 0.052884615384615384 0.06971153846153846
0 0.3088942307692308 0.16826923076923078 0.32572115384615385 0.33653846153846156
3 0.4423076923076923 0.4387019230769231 0.22956730769230768 0.2860576923076923
3 0.5288461538461539 0.13701923076923078 0.3942307692307692 0.27403846153846156
0 0.25600961538461536 0.5408653846153846 0.18990384615384615 0.5264423076923077
0 0.39663461538461536 0.6189903846153846 0.13581730769230768 0.2403846153846154