0 0.7728365384615384 0.07692307692307693 0.08413461538461539 0.09495192307692307
0 0.7055288461538461 0.78125 0.15144230769230768 0.38100961538461536
0 0.6875 0.27403846153846156 0.18028846153846154 0.2439903846153846
3 0.3401442307692308 0.3076923076923077 0.10336538461538461 0.2608173076923077
3 0.328125 0.19471153846153846 0.14783653846153846 0.3894230769230769
0 0.6875 0.4675480769230769 0.12259615384615384 0.15625
3 0.07091346153846154 0.1971153846153846 0.14182692307692307 0.22115384615384615
0 0.08774038461538461 0.7512019230769231 0.17548076923076922 0.34375
0 0.9747596153846154 0.6935096153846154 0.04927884615384615 0.14783653846153846
0 0.9639423076923077 0.13942307692307693 0.0673076923076923 0.15865384615384615
0 0.9194711538461539 0.43509615384615385 0.15625 0.2403846153846154