0 0.125 0.5276442307692307 0.10817307692307693 0.15985576923076922
0 0.030048076923076924 0.9675480769230769 0.06009615384615385 0.06009615384615385
0 0.18389423076923078 0.7259615384615384 0.2776442307692308 0.3112980769230769
0 0.5024038461538461 0.3762019230769231 0.15865384615384615 0.27163461538461536
0 0.5516826923076923 0.8497596153846154 0.18028846153846154 0.2956730769230769
0 0.8209134615384616 0.5841346153846154 0.1658653846153846 0.2932692307692308
0 0.7572115384615384 0.8221153846153846 0.027644230769230768 0.07211538461538461
0 0.036057692307692304 0.8341346153846154 0.07211538461538461 0.2548076923076923
0 0.7007211538461539 0.09615384615384616 0.10336538461538461 0.14783653846153846
0 0.4014423076923077 0.7211538461538461 0.18389423076923078 0.1466346153846154
0 0.6947115384615384 0.953125 0.06129807692307692 0.09254807692307693
0 0.02403846153846154 0.44591346153846156 0.04807692307692308 0.1502403846153846