0 0.04927884615384615 0.6117788461538461 0.0985576923076923 0.19471153846153846
0 0.8100961538461539 0.9459134615384616 0.21153846153846154 0.10336538461538461
0 0.7992788461538461 0.8028846153846154 0.12259615384615384 0.21033653846153846
0 0.8365384615384616 0.5528846153846154 0.32211538461538464 0.3605769230769231
0 0.09375 0.7463942307692307 0.04807692307692308 0.04567307692307692
0 0.9651442307692307 0.7043269230769231 0.06490384615384616 0.1875
3 0.3401442307692308 0.7644230769230769 0.1045673076923077 0.1622596153846154
0 0.28725961538461536 0.6947115384615384 0.09375 0.09735576923076923
0 0.0625 0.765625 0.12379807692307693 0.16346153846153846
0 0.5769230769230769 0.4891826923076923 0.09375 0.13581730769230768
0 0.06971153846153846 0.44711538461538464 0.13822115384615385 0.18269230769230768
0 0.43149038461538464 0.2800480769230769 0.3557692307692308 0.28846153846153844
0 0.6009615384615384 0.6983173076923077 0.12620192307692307 0.14783653846153846
3 0.671875 0.8269230769230769 0.15625 0.2668269230769231
0 0.8786057692307693 0.8401442307692307 0.23798076923076922 0.24759615384615385
0 0.15865384615384615 0.9002403846153846 0.3173076923076923 0.19471153846153846