0 0.9326923076923077 0.5168269230769231 0.12980769230769232 0.3076923076923077
2 0.9555288461538461 0.23076923076923078 0.08413461538461539 0.16346153846153846
3 0.8125 0.5060096153846154 0.11658653846153846 0.23317307692307693
0 0.7884615384615384 0.5036057692307693 0.23197115384615385 0.359375
0 0.6574519230769231 0.2512019230769231 0.17668269230769232 0.27524038461538464
0 0.7620192307692307 0.8173076923076923 0.03485576923076923 0.07091346153846154
3 0.24759615384615385 0.8125 0.2644230769230769 0.3701923076923077
0 0.8918269230769231 0.7139423076923077 0.18509615384615385 0.22235576923076922
0 0.65625 0.6766826923076923 0.15504807692307693 0.3762019230769231
3 0.09495192307692307 0.5889423076923077 0.18990384615384615 0.40384615384615385
0 0.15625 0.0733173076923077 0.11298076923076923 0.1466346153846154
0 0.24879807692307693 0.07091346153846154 0.09254807692307693 0.14182692307692307
0 0.9615384615384616 0.7596153846153846 0.07211538461538461 0.18269230769230768