3 0.4519230769230769 0.29086538461538464 0.21033653846153846 0.27163461538461536
0 0.8725961538461539 0.375 0.23317307692307693 0.18028846153846154
0 0.8413461538461539 0.25240384615384615 0.15865384615384615 0.18990384615384615
0 0.8990384615384616 0.5108173076923077 0.1971153846153846 0.30528846153846156
0 0.859375 0.7319711538461539 0.15384615384615385 0.25
3 0.6911057692307693 0.42908653846153844 0.12139423076923077 0.28725961538461536
0 0.6875 0.3125 0.2800480769230769 0.24759615384615385
0 0.484375 0.8798076923076923 0.24759615384615385 0.23557692307692307
0 0.5096153846153846 0.6586538461538461 0.31490384615384615 0.43990384615384615
0 0.1466346153846154 0.4567307692307692 0.18269230769230768 0.4891826923076923
0 0.22716346153846154 0.6418269230769231 0.0985576923076923 0.27884615384615385