3 0.6911057692307693 0.9086538461538461 0.08413461538461539 0.1778846153846154
0 0.4254807692307692 0.5901442307692307 0.06850961538461539 0.23076923076923078
0 0.4579326923076923 0.5961538461538461 0.10697115384615384 0.296875
0 0.7536057692307693 0.7439903846153846 0.09254807692307693 0.09495192307692307
0 0.8725961538461539 0.5432692307692307 0.09975961538461539 0.22355769230769232
0 0.9699519230769231 0.46153846153846156 0.055288461538461536 0.08173076923076923
0 0.5240384615384616 0.5144230769230769 0.0625 0.10216346153846154
0 0.5216346153846154 0.6346153846153846 0.07572115384615384 0.17908653846153846
0 0.6201923076923077 0.8978365384615384 0.0889423076923077 0.17307692307692307
0 0.35697115384615385 0.9290865384615384 0.1045673076923077 0.08052884615384616
0 0.17307692307692307 0.6670673076923077 0.05048076923076923 0.07451923076923077
3 0.26322115384615385 0.7524038461538461 0.09254807692307693 0.2536057692307692
0 0.28365384615384615 0.24639423076923078 0.11778846153846154 0.12620192307692307
0 0.1346153846153846 0.17067307692307693 0.05889423076923077 0.08173076923076923
3 0.3641826923076923 0.2512019230769231 0.4362980769230769 0.44711538461538464
3 0.17548076923076922 0.4879807692307692 0.296875 0.3605769230769231
0 0.7427884615384616 0.14302884615384615 0.23076923076923078 0.2860576923076923