0 0.796875 0.4326923076923077 0.0625 0.04807692307692308
3 0.39302884615384615 0.8125 0.25 0.3016826923076923
3 0.3389423076923077 0.49158653846153844 0.20192307692307693 0.25841346153846156
0 0.30288461538461536 0.6322115384615384 0.11538461538461539 0.07091346153846154
0 0.5637019230769231 0.7283653846153846 0.2620192307692308 0.203125
0 0.6033653846153846 0.6129807692307693 0.1778846153846154 0.2824519230769231
0 0.02283653846153846 0.4855769230769231 0.04447115384615385 0.16706730769230768
0 0.1141826923076923 0.17668269230769232 0.15264423076923078 0.35216346153846156
0 0.054086538461538464 0.6887019230769231 0.10697115384615384 0.25600961538461536
0 0.030048076923076924 0.052884615384615384 0.06009615384615385 0.10576923076923077
0 0.039663461538461536 0.27403846153846156 0.07932692307692307 0.2668269230769231
0 0.7355769230769231 0.3870192307692308 0.055288461538461536 0.19110576923076922
0 0.9507211538461539 0.296875 0.09735576923076923 0.12259615384615384
0 0.9158653846153846 0.5168269230769231 0.16706730769230768 0.20793269230769232
3 0.8533653846153846 0.43990384615384615 0.10096153846153846 0.08173076923076923
0 0.9411057692307693 0.6959134615384616 0.11298076923076923 0.2283653846153846
0 0.9266826923076923 0.8846153846153846 0.14182692307692307 0.22596153846153846