3 0.7019230769230769 0.22115384615384615 0.07572115384615384 0.056490384615384616
3 0.8461538461538461 0.31850961538461536 0.09375 0.140625
3 0.6887019230769231 0.27283653846153844 0.12740384615384615 0.23798076923076922
0 0.48677884615384615 0.6694711538461539 0.2980769230769231 0.3329326923076923
0 0.41466346153846156 0.4206730769230769 0.21514423076923078 0.2932692307692308
0 0.28725961538461536 0.7740384615384616 0.1935096153846154 0.39663461538461536
2 0.21394230769230768 0.3233173076923077 0.19951923076923078 0.2848557692307692
0 0.8858173076923077 0.6646634615384616 0.20793269230769232 0.1875
0 0.3004807692307692 0.5108173076923077 0.12620192307692307 0.12740384615384615
0 0.8112980769230769 0.47596153846153844 0.09975961538461539 0.2776442307692308
3 0.7596153846153846 0.359375 0.04447115384615385 0.1141826923076923