3 0.08774038461538461 0.8677884615384616 0.17548076923076922 0.2512019230769231
0 0.9242788461538461 0.5997596153846154 0.1466346153846154 0.23798076923076922
0 0.6995192307692307 0.8016826923076923 0.054086538461538464 0.12620192307692307
0 0.5264423076923077 0.48197115384615385 0.24759615384615385 0.5084134615384616
0 0.5336538461538461 0.8990384615384616 0.08173076923076923 0.12259615384615384
0 0.484375 0.9038461538461539 0.04326923076923077 0.1875
0 0.39903846153846156 0.8641826923076923 0.16346153846153846 0.2668269230769231
1 0.4519230769230769 0.9615384615384616 0.038461538461538464 0.0733173076923077
0 0.14423076923076922 0.5985576923076923 0.04567307692307692 0.019230769230769232
3 0.14903846153846154 0.5649038461538461 0.0985576923076923 0.07451923076923077
0 0.05889423076923077 0.46875 0.11778846153846154 0.24158653846153846
0 0.1622596153846154 0.3605769230769231 0.3245192307692308 0.4807692307692308
3 0.40024038461538464 0.10817307692307693 0.026442307692307692 0.055288461538461536
3 0.13221153846153846 0.08653846153846154 0.11538461538461539 0.15384615384615385
3 0.28966346153846156 0.21514423076923078 0.0985576923076923 0.18870192307692307
0 0.890625 0.4723557692307692 0.10096153846153846 0.40384615384615385