3 0.5516826923076923 0.2091346153846154 0.07211538461538461 0.06971153846153846
0 0.9423076923076923 0.7427884615384616 0.11057692307692307 0.36538461538461536
3 0.7043269230769231 0.30649038461538464 0.0889423076923077 0.14543269230769232
3 0.5168269230769231 0.25721153846153844 0.1466346153846154 0.23317307692307693
0 0.28966346153846156 0.6658653846153846 0.3088942307692308 0.3389423076923077
0 0.2283653846153846 0.41225961538461536 0.23076923076923078 0.28966346153846156
0 0.09254807692307693 0.7716346153846154 0.15625 0.3786057692307692
2 0.07572115384615384 0.31850961538461536 0.1502403846153846 0.27403846153846156
0 0.7139423076923077 0.6574519230769231 0.21033653846153846 0.1875
0 0.09014423076923077 0.5180288461538461 0.10216346153846154 0.08653846153846154
0 0.6502403846153846 0.4543269230769231 0.11538461538461539 0.32572115384615385
3 0.5985576923076923 0.34615384615384615 0.052884615384615384 0.12740384615384615