0 0.42788461538461536 0.7223557692307693 0.18028846153846154 0.4483173076923077
0 0.5841346153846154 0.33533653846153844 0.17067307692307693 0.23197115384615385
0 0.6947115384615384 0.7103365384615384 0.2548076923076923 0.3786057692307692
0 0.5793269230769231 0.5192307692307693 0.03125 0.04927884615384615
0 0.19591346153846154 0.1141826923076923 0.11538461538461539 0.1502403846153846
0 0.9411057692307693 0.5829326923076923 0.11298076923076923 0.34375
0 0.8629807692307693 0.49038461538461536 0.040865384615384616 0.14302884615384615
3 0.8461538461538461 0.6021634615384616 0.1346153846153846 0.27403846153846156
0 0.8665865384615384 0.7848557692307693 0.09014423076923077 0.24278846153846154
3 0.13701923076923078 0.18870192307692307 0.27403846153846156 0.37740384615384615
0 0.23918269230769232 0.8389423076923077 0.21033653846153846 0.2608173076923077