3 0.7896634615384616 0.18509615384615385 0.15985576923076922 0.19471153846153846
0 0.8185096153846154 0.28966346153846156 0.08052884615384616 0.18389423076923078
0 0.9278846153846154 0.8257211538461539 0.03485576923076923 0.14783653846153846
0 0.7740384615384616 0.39783653846153844 0.14423076923076922 0.25240384615384615
0 0.6514423076923077 0.6947115384615384 0.18870192307692307 0.4567307692307692
0 0.43990384615384615 0.8509615384615384 0.13701923076923078 0.296875
2 0.5204326923076923 0.8822115384615384 0.11778846153846154 0.23076923076923078
0 0.4483173076923077 0.36658653846153844 0.09014423076923077 0.14423076923076922
3 0.17307692307692307 0.2848557692307692 0.15144230769230768 0.28365384615384615
0 0.9747596153846154 0.3557692307692308 0.04567307692307692 0.16346153846153846
0 0.27283653846153844 0.7103365384615384 0.22956730769230768 0.5588942307692307
3 0.040865384615384616 0.4026442307692308 0.07932692307692307 0.12740384615384615