0 0.9266826923076923 0.8810096153846154 0.14543269230769232 0.1875
3 0.7740384615384616 0.26322115384615385 0.17908653846153846 0.21754807692307693
0 0.9651442307692307 0.3762019230769231 0.06490384615384616 0.12740384615384615
0 0.7992788461538461 0.4483173076923077 0.18509615384615385 0.2439903846153846
0 0.6670673076923077 0.6814903846153846 0.19471153846153846 0.31009615384615385
3 0.6382211538461539 0.49158653846153844 0.26802884615384615 0.5637019230769231
0 0.6201923076923077 0.25721153846153844 0.09615384615384616 0.11778846153846154
0 0.5588942307692307 0.5372596153846154 0.11177884615384616 0.40384615384615385
0 0.4519230769230769 0.4110576923076923 0.09134615384615384 0.16346153846153846
0 0.27283653846153844 0.44591346153846156 0.3425480769230769 0.34375
3 0.06971153846153846 0.25721153846153844 0.13942307692307693 0.49278846153846156
0 0.3317307692307692 0.29447115384615385 0.1971153846153846 0.13822115384615385
0 0.8149038461538461 0.5420673076923077 0.028846153846153848 0.046875