0 0.9603365384615384 0.7427884615384616 0.078125 0.17548076923076922
0 0.8389423076923077 0.30649038461538464 0.12860576923076922 0.12259615384615384
0 0.8221153846153846 0.578125 0.13341346153846154 0.08653846153846154
3 0.8641826923076923 0.5012019230769231 0.21514423076923078 0.17427884615384615
0 0.9663461538461539 0.4891826923076923 0.06610576923076923 0.0985576923076923
2 0.203125 0.7596153846153846 0.054086538461538464 0.09495192307692307
0 0.2776442307692308 0.11778846153846154 0.1622596153846154 0.23557692307692307
0 0.11778846153846154 0.35697115384615385 0.1201923076923077 0.22596153846153846
3 0.36538461538461536 0.9074519230769231 0.14423076923076922 0.18028846153846154
3 0.4326923076923077 0.14423076923076922 0.08052884615384616 0.12740384615384615
0 0.5564903846153846 0.4254807692307692 0.038461538461538464 0.04567307692307692
0 0.45913461538461536 0.4411057692307692 0.06009615384615385 0.057692307692307696
0 0.41346153846153844 0.3942307692307692 0.03125 0.038461538461538464
0 0.6105769230769231 0.6358173076923077 0.2512019230769231 0.3137019230769231
0 0.7608173076923077 0.7764423076923077 0.203125 0.36658653846153844
3 0.5192307692307693 0.24639423076923078 0.3557692307692308 0.46153846153846156