0 0.6634615384615384 0.2932692307692308 0.04447115384615385 0.12379807692307693
0 0.20192307692307693 0.6778846153846154 0.18870192307692307 0.29927884615384615
0 0.171875 0.8545673076923077 0.13942307692307693 0.06009615384615385
0 0.28725961538461536 0.7403846153846154 0.10216346153846154 0.32572115384615385
0 0.3894230769230769 0.7692307692307693 0.12860576923076922 0.3269230769230769
0 0.24639423076923078 0.3581730769230769 0.07211538461538461 0.052884615384615384
0 0.15144230769230768 0.40865384615384615 0.09134615384615384 0.056490384615384616
0 0.15384615384615385 0.6935096153846154 0.30649038461538464 0.44471153846153844
0 0.703125 0.17307692307692307 0.057692307692307696 0.17067307692307693
0 0.8317307692307693 0.04927884615384615 0.018028846153846152 0.02283653846153846
0 0.9663461538461539 0.171875 0.0625 0.21394230769230768
0 0.6069711538461539 0.5673076923076923 0.09615384615384616 0.11538461538461539
3 0.8990384615384616 0.3125 0.08533653846153846 0.12740384615384615
3 0.9483173076923077 0.109375 0.0985576923076923 0.19951923076923078