0 0.7127403846153846 0.9278846153846154 0.0625 0.06971153846153846
3 0.7079326923076923 0.8701923076923077 0.17307692307692307 0.15504807692307693
0 0.2247596153846154 0.6502403846153846 0.4483173076923077 0.6081730769230769
0 0.2608173076923077 0.43990384615384615 0.11538461538461539 0.16466346153846154
0 0.4411057692307692 0.8377403846153846 0.16706730769230768 0.2932692307692308
0 0.42908653846153844 0.671875 0.0985576923076923 0.22115384615384615
0 0.8473557692307693 0.8858173076923077 0.0985576923076923 0.22355769230769232
0 0.030048076923076924 0.9134615384615384 0.055288461538461536 0.055288461538461536
0 0.03125 0.4074519230769231 0.06129807692307692 0.18990384615384615
0 0.8485576923076923 0.5901442307692307 0.2980769230769231 0.3004807692307692
3 0.8545673076923077 0.7079326923076923 0.23317307692307693 0.234375
0 0.9242788461538461 0.40865384615384615 0.1466346153846154 0.12980769230769232
0 0.9158653846153846 0.11298076923076923 0.16466346153846154 0.15745192307692307
0 0.0673076923076923 0.8245192307692307 0.06850961538461539 0.08173076923076923
0 0.8245192307692307 0.7932692307692307 0.04567307692307692 0.056490384615384616