3 0.7199519230769231 0.7596153846153846 0.078125 0.3088942307692308
2 0.13822115384615385 0.14783653846153846 0.2283653846153846 0.2956730769230769
2 0.41346153846153844 0.3762019230769231 0.10576923076923077 0.10216346153846154
0 0.32211538461538464 0.5612980769230769 0.125 0.2764423076923077
0 0.171875 0.5865384615384616 0.25600961538461536 0.33533653846153844
0 0.04567307692307692 0.6610576923076923 0.09014423076923077 0.25841346153846156
0 0.06370192307692307 0.3894230769230769 0.12740384615384615 0.14423076923076922
3 0.4375 0.6213942307692307 0.3798076923076923 0.5228365384615384
3 0.30528846153846156 0.21033653846153846 0.2439903846153846 0.4206730769230769
0 0.3786057692307692 0.5276442307692307 0.20552884615384615 0.2692307692307692
0 0.9074519230769231 0.3485576923076923 0.18028846153846154 0.3317307692307692
0 0.8930288461538461 0.8834134615384616 0.2091346153846154 0.2283653846153846