3 0.8870192307692307 0.6105769230769231 0.21514423076923078 0.38341346153846156
0 0.9519230769230769 0.08653846153846154 0.09134615384615384 0.17307692307692307
0 0.44471153846153844 0.6129807692307693 0.24278846153846154 0.5132211538461539
0 0.0889423076923077 0.13942307692307693 0.1778846153846154 0.27884615384615385
0 0.06009615384615385 0.5757211538461539 0.1201923076923077 0.5793269230769231
3 0.5649038461538461 0.1502403846153846 0.2127403846153846 0.3004807692307692
3 0.35096153846153844 0.04927884615384615 0.14543269230769232 0.0985576923076923
3 0.20673076923076922 0.17668269230769232 0.1971153846153846 0.35336538461538464
0 0.7536057692307693 0.06490384615384616 0.203125 0.12860576923076922
0 0.8028846153846154 0.44711538461538464 0.20072115384615385 0.33774038461538464
3 0.8701923076923077 0.13942307692307693 0.07932692307692307 0.06610576923076923
0 0.7836538461538461 0.2403846153846154 0.09134615384615384 0.06370192307692307