3 0.8798076923076923 0.125 0.23557692307692307 0.25
0 0.0985576923076923 0.2403846153846154 0.054086538461538464 0.06971153846153846
0 0.4963942307692308 0.08533653846153846 0.3557692307692308 0.17067307692307693
0 0.12860576923076922 0.6586538461538461 0.25721153846153844 0.6778846153846154
0 0.4987980769230769 0.23076923076923078 0.3076923076923077 0.23918269230769232
0 0.6682692307692307 0.21514423076923078 0.07692307692307693 0.12259615384615384
0 0.6213942307692307 0.29447115384615385 0.039663461538461536 0.109375
0 0.5588942307692307 0.359375 0.13581730769230768 0.09254807692307693
0 0.8521634615384616 0.29086538461538464 0.140625 0.25841346153846156
0 0.8725961538461539 0.7055288461538461 0.1814903846153846 0.22115384615384615
0 0.8149038461538461 0.5300480769230769 0.11658653846153846 0.10817307692307693
0 0.7872596153846154 0.4074519230769231 0.23076923076923078 0.25240384615384615
0 0.9242788461538461 0.9050480769230769 0.1466346153846154 0.18509615384615385
0 0.5036057692307693 0.7379807692307693 0.21634615384615385 0.22956730769230768