0 0.9723557692307693 0.6490384615384616 0.05048076923076923 0.18269230769230768
0 0.3389423076923077 0.15264423076923078 0.07932692307692307 0.1875
3 0.3173076923076923 0.3473557692307692 0.039663461538461536 0.08533653846153846
0 0.1778846153846154 0.4050480769230769 0.2824519230769231 0.36658653846153844
0 0.12620192307692307 0.7247596153846154 0.25240384615384615 0.5492788461538461
0 0.3173076923076923 0.5841346153846154 0.20072115384615385 0.19951923076923078
0 0.07211538461538461 0.1346153846153846 0.06490384615384616 0.13221153846153846
0 0.09615384615384616 0.234375 0.16826923076923078 0.18509615384615385
3 0.234375 0.2668269230769231 0.140625 0.27163461538461536
3 0.04567307692307692 0.40384615384615385 0.09134615384615384 0.484375
0 0.5240384615384616 0.6153846153846154 0.12620192307692307 0.171875
3 0.9723557692307693 0.4891826923076923 0.05048076923076923 0.16105769230769232