2 0.1141826923076923 0.7151442307692307 0.203125 0.2247596153846154
0 0.9230769230769231 0.46033653846153844 0.14903846153846154 0.2668269230769231
0 0.9086538461538461 0.7463942307692307 0.1778846153846154 0.41586538461538464
0 0.8810096153846154 0.6358173076923077 0.16706730769230768 0.171875
0 0.7307692307692307 0.5528846153846154 0.11899038461538461 0.09254807692307693
0 0.47475961538461536 0.8461538461538461 0.16105769230769232 0.2127403846153846
0 0.7644230769230769 0.7367788461538461 0.109375 0.3088942307692308
0 0.5697115384615384 0.42427884615384615 0.11899038461538461 0.12259615384615384
0 0.08774038461538461 0.2956730769230769 0.17427884615384615 0.3293269230769231
0 0.38341346153846156 0.46153846153846156 0.054086538461538464 0.057692307692307696
0 0.13581730769230768 0.5048076923076923 0.23677884615384615 0.2776442307692308
0 0.22716346153846154 0.04567307692307692 0.13341346153846154 0.09134615384615384
0 0.17067307692307693 0.7415865384615384 0.0733173076923077 0.07692307692307693
0 0.20673076923076922 0.6850961538461539 0.046875 0.057692307692307696
0 0.44471153846153844 0.38100961538461536 0.14423076923076922 0.125