3 0.9026442307692307 0.18028846153846154 0.1935096153846154 0.3605769230769231
0 0.90625 0.04567307692307692 0.09254807692307693 0.055288461538461536
0 0.9555288461538461 0.3918269230769231 0.08413461538461539 0.14903846153846154
0 0.9387019230769231 0.8233173076923077 0.11778846153846154 0.3485576923076923
3 0.6646634615384616 0.28966346153846156 0.24639423076923078 0.33413461538461536
3 0.39663461538461536 0.6129807692307693 0.21033653846153846 0.31971153846153844
0 0.46033653846153844 0.5240384615384616 0.33653846153846156 0.36899038461538464
0 0.625 0.7415865384615384 0.21514423076923078 0.43149038461538464
0 0.15985576923076922 0.15384615384615385 0.21153846153846154 0.2536057692307692
0 0.8942307692307693 0.19230769230769232 0.18028846153846154 0.2620192307692308
3 0.46033653846153844 0.24519230769230768 0.14783653846153846 0.23798076923076922