3 0.9759615384615384 0.22956730769230768 0.04326923076923077 0.18028846153846154
0 0.9579326923076923 0.7572115384615384 0.07932692307692307 0.21634615384615385
0 0.7752403846153846 0.9495192307692307 0.06971153846153846 0.09615384615384616
2 0.9002403846153846 0.875 0.11057692307692307 0.24879807692307693
0 0.75 0.3918269230769231 0.14783653846153846 0.13341346153846154
3 0.5444711538461539 0.2860576923076923 0.16706730769230768 0.23798076923076922
0 0.33413461538461536 0.890625 0.04567307692307692 0.08533653846153846
3 0.2920673076923077 0.8569711538461539 0.2764423076923077 0.28125
0 0.140625 0.8810096153846154 0.28125 0.18990384615384615
3 0.08173076923076923 0.34975961538461536 0.1622596153846154 0.3918269230769231
0 0.3137019230769231 0.3016826923076923 0.06610576923076923 0.09134615384615384
0 0.054086538461538464 0.42788461538461536 0.10817307692307693 0.27884615384615385
0 0.11538461538461539 0.609375 0.028846153846153848 0.08533653846153846
0 0.8521634615384616 0.7415865384615384 0.021634615384615384 0.03485576923076923
0 0.7211538461538461 0.7055288461538461 0.25841346153846156 0.5096153846153846
0 0.9819711538461539 0.5444711538461539 0.03485576923076923 0.11538461538461539
0 0.15625 0.40625 0.11177884615384616 0.3137019230769231
3 0.43509615384615385 0.39903846153846156 0.05048076923076923 0.11057692307692307