0 0.78125 0.5252403846153846 0.203125 0.36538461538461536
0 0.5817307692307693 0.4230769230769231 0.27163461538461536 0.3401442307692308
0 0.5252403846153846 0.6706730769230769 0.17067307692307693 0.22956730769230768
0 0.484375 0.421875 0.08653846153846154 0.18269230769230768
0 0.9675480769230769 0.08173076923076923 0.06370192307692307 0.16346153846153846
0 0.15625 0.07932692307692307 0.16346153846153846 0.15865384615384615
3 0.953125 0.16706730769230768 0.08413461538461539 0.12740384615384615
0 0.14783653846153846 0.13942307692307693 0.11298076923076923 0.1045673076923077
3 0.1201923076923077 0.15144230769230768 0.2403846153846154 0.25
0 0.10576923076923077 0.3317307692307692 0.1045673076923077 0.140625
0 0.17548076923076922 0.7163461538461539 0.0733173076923077 0.09975961538461539
0 0.06850961538461539 0.8004807692307693 0.08173076923076923 0.07211538461538461
3 0.4375 0.7680288461538461 0.2608173076923077 0.39903846153846156
0 0.3161057692307692 0.5841346153846154 0.20552884615384615 0.25600961538461536