0 0.042067307692307696 0.8028846153846154 0.08413461538461539 0.203125
3 0.38461538461538464 0.5 0.12620192307692307 0.35697115384615385
3 0.9783653846153846 0.3425480769230769 0.038461538461538464 0.04567307692307692
0 0.8858173076923077 0.4206730769230769 0.08774038461538461 0.10096153846153846
0 0.040865384615384616 0.23076923076923078 0.08173076923076923 0.25961538461538464
3 0.8641826923076923 0.32572115384615385 0.07211538461538461 0.10216346153846154
0 0.9831730769230769 0.8076923076923077 0.028846153846153848 0.09134615384615384
0 0.8557692307692307 0.6610576923076923 0.1045673076923077 0.12980769230769232
3 0.8689903846153846 0.5120192307692307 0.11298076923076923 0.171875
0 0.8137019230769231 0.59375 0.03365384615384615 0.057692307692307696
0 0.5865384615384616 0.671875 0.12620192307692307 0.1502403846153846
3 0.5576923076923077 0.2608173076923077 0.06490384615384616 0.16826923076923078
0 0.3641826923076923 0.9098557692307693 0.33413461538461536 0.17548076923076922
2 0.5492788461538461 0.9411057692307693 0.040865384615384616 0.11298076923076923