3 0.7103365384615384 0.16706730769230768 0.14182692307692307 0.18990384615384615
0 0.7367788461538461 0.26802884615384615 0.07692307692307693 0.14543269230769232
0 0.8425480769230769 0.8305288461538461 0.04447115384615385 0.1502403846153846
0 0.6754807692307693 0.3918269230769231 0.15985576923076922 0.25240384615384615
0 0.5588942307692307 0.6971153846153846 0.20793269230769232 0.46033653846153844
0 0.34615384615384615 0.8425480769230769 0.14423076923076922 0.31009615384615385
2 0.4182692307692308 0.8846153846153846 0.125 0.22596153846153846
0 0.3545673076923077 0.34975961538461536 0.13581730769230768 0.1814903846153846
3 0.08173076923076923 0.28966346153846156 0.15745192307692307 0.296875
0 0.9362980769230769 0.3545673076923077 0.12259615384615384 0.3389423076923077
0 0.15745192307692307 0.7055288461538461 0.2247596153846154 0.5600961538461539