0 0.8509615384615384 0.5408653846153846 0.2932692307692308 0.34615384615384615
0 0.7668269230769231 0.7668269230769231 0.17908653846153846 0.1935096153846154
0 0.6189903846153846 0.5841346153846154 0.1622596153846154 0.2247596153846154
3 0.5336538461538461 0.4579326923076923 0.15865384615384615 0.26322115384615385
0 0.6526442307692307 0.4495192307692308 0.14423076923076922 0.16346153846153846
0 0.6009615384615384 0.3329326923076923 0.12740384615384615 0.12980769230769232
0 0.4807692307692308 0.40024038461538464 0.09735576923076923 0.1346153846153846
0 0.04927884615384615 0.5216346153846154 0.04326923076923077 0.028846153846153848
0 0.0673076923076923 0.14182692307692307 0.1346153846153846 0.17908653846153846
3 0.9651442307692307 0.02283653846153846 0.06850961538461539 0.04447115384615385
0 0.07211538461538461 0.6225961538461539 0.14423076923076922 0.17307692307692307
0 0.16105769230769232 0.6514423076923077 0.23798076923076922 0.4855769230769231
0 0.15985576923076922 0.2824519230769231 0.27524038461538464 0.23557692307692307