0 0.3076923076923077 0.5060096153846154 0.04447115384615385 0.06129807692307692
0 0.17427884615384615 0.45072115384615385 0.171875 0.4014423076923077
0 0.09254807692307693 0.7524038461538461 0.12740384615384615 0.27884615384615385
0 0.27884615384615385 0.9002403846153846 0.09134615384615384 0.14903846153846154
0 0.004807692307692308 0.33653846153846156 0.009615384615384616 0.06009615384615385
0 0.40865384615384615 0.38341346153846156 0.19831730769230768 0.21754807692307693
0 0.33413461538461536 0.34375 0.11778846153846154 0.21394230769230768
0 0.7223557692307693 0.8665865384615384 0.1502403846153846 0.17548076923076922
0 0.6165865384615384 0.8161057692307693 0.03365384615384615 0.06370192307692307
0 0.6478365384615384 0.4951923076923077 0.10216346153846154 0.16105769230769232
0 0.7175480769230769 0.4519230769230769 0.14423076923076922 0.3317307692307692
0 0.9266826923076923 0.7944711538461539 0.09134615384615384 0.0889423076923077
0 0.8665865384615384 0.10697115384615384 0.17548076923076922 0.21394230769230768
3 0.9266826923076923 0.054086538461538464 0.14182692307692307 0.10817307692307693
0 0.9819711538461539 0.3557692307692308 0.03125 0.052884615384615384