0 0.9855769230769231 0.9050480769230769 0.02403846153846154 0.09375
0 0.9483173076923077 0.41466346153846156 0.10216346153846154 0.12740384615384615
3 0.8052884615384616 0.3173076923076923 0.1622596153846154 0.23317307692307693
3 0.6418269230769231 0.8605769230769231 0.23076923076923078 0.27403846153846156
0 0.48197115384615385 0.9050480769230769 0.3161057692307692 0.18870192307692307
3 0.35336538461538464 0.3401442307692308 0.16105769230769232 0.38341346153846156
0 0.5925480769230769 0.3233173076923077 0.04927884615384615 0.1045673076923077
0 0.2620192307692308 0.4423076923076923 0.21033653846153846 0.3173076923076923
0 0.12259615384615384 0.7271634615384616 0.15865384615384615 0.2283653846153846
3 0.15264423076923078 0.46153846153846156 0.28365384615384615 0.5793269230769231
0 0.1466346153846154 0.20072115384615385 0.08774038461538461 0.038461538461538464
0 0.06009615384615385 0.5108173076923077 0.10576923076923077 0.3641826923076923
0 0.030048076923076924 0.4375 0.06009615384615385 0.19831730769230768
0 0.9375 0.6742788461538461 0.1201923076923077 0.4014423076923077
3 0.021634615384615384 0.6141826923076923 0.04326923076923077 0.15985576923076922
0 0.4110576923076923 0.41225961538461536 0.10576923076923077 0.31850961538461536
3 0.7512019230769231 0.4266826923076923 0.015625 0.06370192307692307
3 0.6875 0.40865384615384615 0.06850961538461539 0.10096153846153846