0 0.5997596153846154 0.46033653846153844 0.1658653846153846 0.18629807692307693
3 0.3894230769230769 0.10096153846153846 0.07572115384615384 0.08173076923076923
0 0.359375 0.625 0.10216346153846154 0.21153846153846154
0 0.10216346153846154 0.36177884615384615 0.20432692307692307 0.18629807692307693
0 0.9759615384615384 0.37740384615384615 0.038461538461538464 0.20072115384615385
0 0.9459134615384616 0.6911057692307693 0.10336538461538461 0.17548076923076922
3 0.5673076923076923 0.22115384615384615 0.13701923076923078 0.29447115384615385
0 0.4230769230769231 0.5637019230769231 0.037259615384615384 0.06610576923076923
0 0.5024038461538461 0.8293269230769231 0.07091346153846154 0.0985576923076923
3 0.5661057692307693 0.8317307692307693 0.038461538461538464 0.05048076923076923
0 0.8233173076923077 0.5757211538461539 0.0985576923076923 0.21514423076923078