0 0.8353365384615384 0.39302884615384615 0.12860576923076922 0.17548076923076922
0 0.6274038461538461 0.9158653846153846 0.1201923076923077 0.16346153846153846
0 0.7271634615384616 0.7980769230769231 0.046875 0.1310096153846154
0 0.9555288461538461 0.5372596153846154 0.08413461538461539 0.13701923076923078
3 0.0625 0.7067307692307693 0.11658653846153846 0.08653846153846154
0 0.19591346153846154 0.5108173076923077 0.25961538461538464 0.5793269230769231
3 0.22115384615384615 0.44471153846153844 0.040865384615384616 0.06009615384615385
3 0.20192307692307693 0.6514423076923077 0.09254807692307693 0.15865384615384615
3 0.08173076923076923 0.7199519230769231 0.16346153846153846 0.4254807692307692
3 0.140625 0.75 0.0829326923076923 0.04447115384615385
3 0.35096153846153844 0.11177884615384616 0.18269230769230768 0.22355769230769232
0 0.7091346153846154 0.6430288461538461 0.16105769230769232 0.19471153846153846