3 0.9459134615384616 0.23918269230769232 0.10336538461538461 0.09375
0 0.9663461538461539 0.46634615384615385 0.0625 0.20673076923076922
0 0.9122596153846154 0.6814903846153846 0.17067307692307693 0.2860576923076923
3 0.8954326923076923 0.5084134615384616 0.20432692307692307 0.5120192307692307
0 0.8257211538461539 0.36778846153846156 0.17067307692307693 0.27403846153846156
0 0.8509615384615384 0.5396634615384616 0.14903846153846154 0.37740384615384615
0 0.71875 0.3786057692307692 0.03365384615384615 0.06009615384615385
0 0.5697115384615384 0.4567307692307692 0.3329326923076923 0.3125
3 0.30408653846153844 0.265625 0.21394230769230768 0.53125
0 0.6045673076923077 0.3137019230769231 0.15745192307692307 0.1310096153846154
0 0.25240384615384615 0.8665865384615384 0.06129807692307692 0.078125