3 0.6322115384615384 0.16466346153846154 0.14302884615384615 0.2091346153846154
0 0.6514423076923077 0.23918269230769232 0.06370192307692307 0.1141826923076923
0 0.7560096153846154 0.8353365384615384 0.05889423076923077 0.15384615384615385
0 0.5757211538461539 0.3870192307692308 0.18028846153846154 0.2536057692307692
0 0.4495192307692308 0.6983173076923077 0.20552884615384615 0.4567307692307692
0 0.24519230769230768 0.8425480769230769 0.15384615384615385 0.31009615384615385
2 0.3125 0.8846153846153846 0.1201923076923077 0.22596153846153846
0 0.2536057692307692 0.3485576923076923 0.13942307692307693 0.17307692307692307
3 0.03485576923076923 0.2956730769230769 0.06850961538461539 0.24639423076923078
0 0.9026442307692307 0.33653846153846156 0.1814903846153846 0.359375
0 0.07451923076923077 0.7235576923076923 0.14903846153846154 0.5