0 0.09735576923076923 0.5024038461538461 0.0985576923076923 0.17307692307692307
0 0.021634615384615384 0.4375 0.04326923076923077 0.04326923076923077
3 0.27884615384615385 0.3449519230769231 0.09495192307692307 0.1971153846153846
0 0.5144230769230769 0.6358173076923077 0.12379807692307693 0.15865384615384615
0 0.7536057692307693 0.10817307692307693 0.1346153846153846 0.21634615384615385
0 0.9134615384615384 0.35336538461538464 0.14543269230769232 0.2860576923076923
0 0.19951923076923078 0.29086538461538464 0.12980769230769232 0.17908653846153846
0 0.3762019230769231 0.8353365384615384 0.054086538461538464 0.04927884615384615
0 0.48677884615384615 0.3786057692307692 0.055288461538461536 0.09254807692307693
3 0.6033653846153846 0.16706730769230768 0.14543269230769232 0.16105769230769232
1 0.9278846153846154 0.7043269230769231 0.13942307692307693 0.03365384615384615
1 0.9182692307692307 0.6262019230769231 0.1622596153846154 0.03245192307692308
2 0.7019230769230769 0.8461538461538461 0.027644230769230768 0.14903846153846154
0 0.6057692307692307 0.5745192307692307 0.27403846153846156 0.375
0 0.4483173076923077 0.8737980769230769 0.3004807692307692 0.24759615384615385
3 0.5132211538461539 0.4699519230769231 0.07211538461538461 0.19831730769230768