3 0.6286057692307693 0.2127403846153846 0.06490384615384616 0.06009615384615385
3 0.7776442307692307 0.3125 0.09134615384615384 0.14302884615384615
3 0.6057692307692307 0.2644230769230769 0.14182692307692307 0.234375
0 0.390625 0.6730769230769231 0.30649038461538464 0.34375
0 0.3245192307692308 0.4170673076923077 0.21875 0.2932692307692308
0 0.18870192307692307 0.7764423076923077 0.17067307692307693 0.38341346153846156
2 0.12379807692307693 0.32211538461538464 0.2091346153846154 0.2776442307692308
0 0.8016826923076923 0.6610576923076923 0.2091346153846154 0.1875
0 0.19110576923076922 0.5180288461538461 0.12259615384615384 0.09975961538461539
0 0.7331730769230769 0.4651442307692308 0.1045673076923077 0.3016826923076923
3 0.6862980769230769 0.35096153846153844 0.051682692307692304 0.12620192307692307