3 0.29447115384615385 0.41466346153846156 0.05889423076923077 0.15144230769230768
3 0.18629807692307693 0.9038461538461539 0.18028846153846154 0.1875
0 0.05048076923076923 0.8317307692307693 0.10096153846153846 0.22355769230769232
3 0.7992788461538461 0.040865384615384616 0.11177884615384616 0.08173076923076923
0 0.6778846153846154 0.7235576923076923 0.34134615384615385 0.49399038461538464
0 0.33533653846153844 0.4699519230769231 0.06610576923076923 0.07572115384615384
0 0.13581730769230768 0.6310096153846154 0.27163461538461536 0.4254807692307692
0 0.4891826923076923 0.59375 0.0829326923076923 0.11658653846153846
0 0.8846153846153846 0.4519230769230769 0.12980769230769232 0.09615384615384616
0 0.7223557692307693 0.11778846153846154 0.18028846153846154 0.23557692307692307
0 0.055288461538461536 0.6875 0.11057692307692307 0.25600961538461536
0 0.05048076923076923 0.34975961538461536 0.10096153846153846 0.1778846153846154