0 0.042067307692307696 0.5805288461538461 0.08413461538461539 0.28846153846153844
0 0.07932692307692307 0.5132211538461539 0.1310096153846154 0.16466346153846154
0 0.039663461538461536 0.5432692307692307 0.04567307692307692 0.04927884615384615
0 0.5925480769230769 0.18870192307692307 0.0733173076923077 0.055288461538461536
0 0.40024038461538464 0.6310096153846154 0.12379807692307693 0.11298076923076923
0 0.04567307692307692 0.21153846153846154 0.09134615384615384 0.22716346153846154
0 0.8245192307692307 0.6117788461538461 0.30408653846153844 0.35096153846153844
0 0.9903846153846154 0.5180288461538461 0.014423076923076924 0.11778846153846154
0 0.9266826923076923 0.3088942307692308 0.14182692307692307 0.17548076923076922
0 0.9290865384615384 0.14903846153846154 0.13701923076923078 0.21634615384615385
0 0.5300480769230769 0.5649038461538461 0.25721153846153844 0.37740384615384615
0 0.07451923076923077 0.051682692307692304 0.14903846153846154 0.10336538461538461
0 0.020432692307692308 0.6875 0.040865384615384616 0.125