0 0.03365384615384615 0.8521634615384616 0.06610576923076923 0.28846153846153844
0 0.18509615384615385 0.30649038461538464 0.16706730769230768 0.3473557692307692
0 0.09615384615384616 0.8509615384615384 0.13942307692307693 0.2932692307692308
0 0.8305288461538461 0.6550480769230769 0.15625 0.2512019230769231
3 0.8978365384615384 0.546875 0.10216346153846154 0.4879807692307692
0 0.18509615384615385 0.5889423076923077 0.04447115384615385 0.11057692307692307
3 0.45913461538461536 0.3713942307692308 0.27283653846153844 0.5649038461538461
0 0.6201923076923077 0.5564903846153846 0.06850961538461539 0.1658653846153846
0 0.6358173076923077 0.3581730769230769 0.09975961538461539 0.3088942307692308
3 0.9399038461538461 0.07572115384615384 0.11538461538461539 0.15144230769230768
0 0.4375 0.7055288461538461 0.3161057692307692 0.3004807692307692
0 0.765625 0.5637019230769231 0.23076923076923078 0.3425480769230769