0 0.1935096153846154 0.6610576923076923 0.17908653846153846 0.23557692307692307
3 0.9254807692307693 0.33413461538461536 0.14423076923076922 0.3798076923076923
0 0.08533653846153846 0.23076923076923078 0.17067307692307693 0.2644230769230769
0 0.1875 0.3473557692307692 0.08052884615384616 0.13581730769230768
0 0.3161057692307692 0.3137019230769231 0.11778846153846154 0.07692307692307693
0 0.5168269230769231 0.3870192307692308 0.2668269230769231 0.26802884615384615
0 0.6322115384615384 0.2980769230769231 0.11298076923076923 0.24759615384615385
3 0.6550480769230769 0.7451923076923077 0.14302884615384615 0.17427884615384615
0 0.5612980769230769 0.6646634615384616 0.20793269230769232 0.3557692307692308
0 0.9314903846153846 0.7992788461538461 0.13221153846153846 0.39663461538461536
0 0.9278846153846154 0.5757211538461539 0.13942307692307693 0.21394230769230768