0 0.8137019230769231 0.19831730769230768 0.19591346153846154 0.29927884615384615
0 0.4254807692307692 0.23677884615384615 0.3557692307692308 0.3485576923076923
3 0.4170673076923077 0.2536057692307692 0.08653846153846154 0.040865384615384616
0 0.8461538461538461 0.3858173076923077 0.11298076923076923 0.3112980769230769
0 0.7007211538461539 0.4495192307692308 0.25240384615384615 0.36177884615384615
3 0.19831730769230768 0.1935096153846154 0.39663461538461536 0.3870192307692308
3 0.4543269230769231 0.08774038461538461 0.08173076923076923 0.17548076923076922
0 0.31009615384615385 0.040865384615384616 0.17908653846153846 0.08173076923076923
0 0.40865384615384615 0.019230769230769232 0.036057692307692304 0.037259615384615384
0 0.4675480769230769 0.5709134615384616 0.09254807692307693 0.14783653846153846
0 0.9459134615384616 0.6947115384615384 0.06971153846153846 0.12139423076923077