1 0.7680288461538461 0.6574519230769231 0.10576923076923077 0.2668269230769231
3 0.5961538461538461 0.1814903846153846 0.16346153846153846 0.17427884615384615
0 0.025240384615384616 0.484375 0.05048076923076923 0.22355769230769232
2 0.4795673076923077 0.17307692307692307 0.18509615384615385 0.34615384615384615
0 0.6286057692307693 0.6790865384615384 0.20673076923076922 0.10216346153846154
0 0.5721153846153846 0.7536057692307693 0.10216346153846154 0.14182692307692307
0 0.7103365384615384 0.7415865384615384 0.04326923076923077 0.040865384615384616
0 0.8245192307692307 0.6814903846153846 0.10697115384615384 0.2800480769230769
0 0.11658653846153846 0.1310096153846154 0.13822115384615385 0.12860576923076922
0 0.13221153846153846 0.18629807692307693 0.11658653846153846 0.1466346153846154
0 0.1971153846153846 0.6117788461538461 0.30528846153846156 0.6778846153846154