0 0.5949519230769231 0.49278846153846156 0.12980769230769232 0.09375
0 0.7584134615384616 0.8100961538461539 0.4495192307692308 0.375
0 0.6334134615384616 0.5697115384615384 0.15745192307692307 0.09254807692307693
0 0.6358173076923077 0.2860576923076923 0.2536057692307692 0.2536057692307692
0 0.47115384615384615 0.4254807692307692 0.25 0.26802884615384615
3 0.8088942307692307 0.30528846153846156 0.12259615384615384 0.16826923076923078
3 0.8076923076923077 0.12620192307692307 0.17067307692307693 0.18990384615384615
0 0.29086538461538464 0.1971153846153846 0.0625 0.08774038461538461
3 0.41586538461538464 0.15985576923076922 0.35096153846153844 0.31971153846153844
3 0.06971153846153846 0.5769230769230769 0.13942307692307693 0.33653846153846156
2 0.7139423076923077 0.734375 0.21033653846153846 0.2608173076923077
0 0.4014423076923077 0.8377403846153846 0.32211538461538464 0.31971153846153844