0 0.09014423076923077 0.1310096153846154 0.140625 0.11899038461538461
3 0.8834134615384616 0.31490384615384615 0.2283653846153846 0.30288461538461536
3 0.2668269230769231 0.6081730769230769 0.11778846153846154 0.14302884615384615
3 0.3545673076923077 0.8257211538461539 0.20552884615384615 0.28966346153846156
3 0.2403846153846154 0.0985576923076923 0.32211538461538464 0.1971153846153846
3 0.1935096153846154 0.025240384615384616 0.3870192307692308 0.05048076923076923
0 0.3918269230769231 0.2283653846153846 0.16826923076923078 0.2824519230769231
3 0.29927884615384615 0.3245192307692308 0.26322115384615385 0.3425480769230769
0 0.3401442307692308 0.5673076923076923 0.359375 0.2956730769230769
0 0.8846153846153846 0.7512019230769231 0.22596153846153846 0.49278846153846156
3 0.8269230769230769 0.5060096153846154 0.10096153846153846 0.17908653846153846
0 0.8100961538461539 0.8040865384615384 0.15384615384615385 0.3870192307692308
0 0.6418269230769231 0.18990384615384615 0.19471153846153846 0.2644230769230769
3 0.8942307692307693 0.020432692307692308 0.09975961538461539 0.039663461538461536