3 0.9242788461538461 0.06370192307692307 0.1466346153846154 0.12740384615384615
0 0.9615384615384616 0.05889423076923077 0.07211538461538461 0.055288461538461536
0 0.9867788461538461 0.3737980769230769 0.021634615384615384 0.0889423076923077
0 0.9783653846153846 0.875 0.038461538461538464 0.24519230769230768
3 0.7512019230769231 0.25961538461538464 0.2091346153846154 0.25600961538461536
3 0.515625 0.6177884615384616 0.24879807692307693 0.3076923076923077
0 0.5612980769230769 0.5216346153846154 0.34134615384615385 0.3581730769230769
0 0.7199519230769231 0.7379807692307693 0.18629807692307693 0.4182692307692308
0 0.25240384615384615 0.15264423076923078 0.19471153846153846 0.24879807692307693
0 0.9326923076923077 0.20192307692307693 0.13341346153846154 0.25600961538461536
3 0.7908653846153846 0.4326923076923077 0.051682692307692304 0.04927884615384615
3 0.5504807692307693 0.25 0.13822115384615385 0.23197115384615385
0 0.037259615384615384 0.5661057692307693 0.07451923076923077 0.1310096153846154