3 0.8894230769230769 0.7548076923076923 0.21995192307692307 0.35096153846153844
3 0.8713942307692307 0.4639423076923077 0.21394230769230768 0.4519230769230769
0 0.6838942307692307 0.17427884615384615 0.3485576923076923 0.33533653846153844
0 0.6790865384615384 0.7199519230769231 0.16105769230769232 0.29927884615384615
3 0.3389423076923077 0.203125 0.28725961538461536 0.40625
0 0.20793269230769232 0.13701923076923078 0.19110576923076922 0.27283653846153844
0 0.31490384615384615 0.3942307692307692 0.21875 0.27403846153846156
0 0.15625 0.6610576923076923 0.21153846153846154 0.6730769230769231
3 0.026442307692307692 0.2668269230769231 0.052884615384615384 0.14903846153846154
0 0.47836538461538464 0.5288461538461539 0.17307692307692307 0.25721153846153844
0 0.4338942307692308 0.609375 0.046875 0.054086538461538464