0 0.42788461538461536 0.8798076923076923 0.171875 0.1346153846153846
3 0.47115384615384615 0.78125 0.12740384615384615 0.17548076923076922
0 0.22716346153846154 0.20793269230769232 0.09134615384615384 0.11658653846153846
0 0.22716346153846154 0.6826923076923077 0.109375 0.2247596153846154
0 0.1622596153846154 0.6706730769230769 0.3245192307692308 0.6538461538461539
0 0.4338942307692308 0.1971153846153846 0.171875 0.31971153846153844
0 0.7788461538461539 0.04567307692307692 0.16706730769230768 0.09134615384615384
0 0.921875 0.7295673076923077 0.08052884615384616 0.11899038461538461
0 0.8064903846153846 0.6875 0.08653846153846154 0.24278846153846154
0 0.9759615384615384 0.6213942307692307 0.04326923076923077 0.11298076923076923
0 0.11778846153846154 0.8882211538461539 0.1502403846153846 0.16466346153846154