0 0.47115384615384615 0.08653846153846154 0.1875 0.17307692307692307
3 0.6478365384615384 0.9206730769230769 0.11778846153846154 0.15384615384615385
0 0.16706730769230768 0.2247596153846154 0.1310096153846154 0.13701923076923078
0 0.0625 0.8713942307692307 0.12379807692307693 0.23918269230769232
0 0.5264423076923077 0.17427884615384615 0.13701923076923078 0.25600961538461536
0 0.39302884615384615 0.0829326923076923 0.04807692307692308 0.0829326923076923
0 0.3737980769230769 0.36778846153846156 0.34975961538461536 0.45072115384615385
0 0.11298076923076923 0.6310096153846154 0.2247596153846154 0.6033653846153846
3 0.20072115384615385 0.32091346153846156 0.125 0.2704326923076923
3 0.07692307692307693 0.13942307692307693 0.15384615384615385 0.27884615384615385
3 0.25600961538461536 0.7632211538461539 0.10576923076923077 0.10817307692307693