0 0.19591346153846154 0.5769230769230769 0.18870192307692307 0.3581730769230769
0 0.2692307692307692 0.31490384615384615 0.14543269230769232 0.2247596153846154
3 0.04927884615384615 0.4483173076923077 0.0985576923076923 0.16947115384615385
0 0.9423076923076923 0.5384615384615384 0.11057692307692307 0.2403846153846154
0 0.7848557692307693 0.5372596153846154 0.03125 0.030048076923076924
0 0.8245192307692307 0.4807692307692308 0.1201923076923077 0.078125
0 0.19110576923076922 0.7956730769230769 0.25240384615384615 0.40384615384615385
0 0.7572115384615384 0.19230769230769232 0.19471153846153846 0.23918269230769232
0 0.8810096153846154 0.3401442307692308 0.23317307692307693 0.24278846153846154
0 0.9663461538461539 0.25961538461538464 0.06610576923076923 0.11899038461538461
2 0.8798076923076923 0.7271634615384616 0.11899038461538461 0.3449519230769231
0 0.7884615384615384 0.6478365384615384 0.10697115384615384 0.203125
3 0.9831730769230769 0.7704326923076923 0.028846153846153848 0.07451923076923077