3 0.8341346153846154 0.22716346153846154 0.3269230769230769 0.4543269230769231
0 0.7620192307692307 0.16466346153846154 0.18389423076923078 0.28365384615384615
0 0.8870192307692307 0.4098557692307692 0.22115384615384615 0.21394230769230768
0 0.859375 0.6983173076923077 0.2764423076923077 0.5985576923076923
3 0.5036057692307693 0.2764423076923077 0.26322115384615385 0.35096153846153844
3 0.16947115384615385 0.5985576923076923 0.15625 0.328125
0 0.24759615384615385 0.5360576923076923 0.31009615384615385 0.39783653846153844
0 0.42427884615384615 0.7379807692307693 0.2668269230769231 0.45072115384615385
0 0.04927884615384615 0.14783653846153846 0.0985576923076923 0.25961538461538464
0 0.7896634615384616 0.03245192307692308 0.05889423076923077 0.04567307692307692
3 0.28365384615384615 0.22956730769230768 0.15625 0.24759615384615385