3 0.9194711538461539 0.20192307692307693 0.15985576923076922 0.19110576923076922
0 0.9579326923076923 0.31490384615384615 0.0829326923076923 0.17908653846153846
0 0.9314903846153846 0.4098557692307692 0.13221153846153846 0.23317307692307693
0 0.8269230769230769 0.6959134615384616 0.15865384615384615 0.4338942307692308
0 0.6382211538461539 0.8509615384615384 0.11538461538461539 0.296875
2 0.7151442307692307 0.8762019230769231 0.0985576923076923 0.24278846153846154
0 0.5853365384615384 0.3713942307692308 0.16947115384615385 0.14903846153846154
3 0.3629807692307692 0.296875 0.18629807692307693 0.29447115384615385
0 0.07572115384615384 0.8305288461538461 0.15144230769230768 0.15745192307692307
3 0.11057692307692307 0.8161057692307693 0.22115384615384615 0.3629807692307692
0 0.14302884615384615 0.2920673076923077 0.07091346153846154 0.07692307692307693
0 0.5012019230769231 0.7127403846153846 0.2608173076923077 0.5492788461538461
0 0.026442307692307692 0.3713942307692308 0.052884615384615384 0.234375
3 0.24278846153846154 0.40024038461538464 0.07211538461538461 0.12740384615384615