0 0.6418269230769231 0.3293269230769231 0.06009615384615385 0.025240384615384616
0 0.8100961538461539 0.734375 0.10576923076923077 0.0985576923076923
0 0.8064903846153846 0.6141826923076923 0.16105769230769232 0.3173076923076923
0 0.9747596153846154 0.6069711538461539 0.04567307692307692 0.05048076923076923
0 0.9110576923076923 0.2512019230769231 0.12620192307692307 0.13701923076923078
0 0.8449519230769231 0.3762019230769231 0.16105769230769232 0.15384615384615385
0 0.7944711538461539 0.45552884615384615 0.13221153846153846 0.1658653846153846
3 0.6454326923076923 0.19591346153846154 0.1201923076923077 0.26322115384615385
3 0.2920673076923077 0.0733173076923077 0.2776442307692308 0.1466346153846154
3 0.4735576923076923 0.23798076923076922 0.03125 0.16105769230769232
2 0.25240384615384615 0.125 0.11899038461538461 0.10817307692307693
3 0.040865384615384616 0.4699519230769231 0.08052884615384616 0.2247596153846154
3 0.9266826923076923 0.8004807692307693 0.14182692307692307 0.2403846153846154