0 0.4170673076923077 0.5096153846153846 0.30528846153846156 0.3954326923076923
0 0.5805288461538461 0.17427884615384615 0.20072115384615385 0.28725961538461536
2 0.6153846153846154 0.3245192307692308 0.12860576923076922 0.10096153846153846
2 0.052884615384615384 0.5396634615384616 0.10576923076923077 0.16706730769230768
0 0.054086538461538464 0.2403846153846154 0.10817307692307693 0.13341346153846154
0 0.04567307692307692 0.6971153846153846 0.09134615384615384 0.2247596153846154
2 0.6778846153846154 0.4639423076923077 0.08533653846153846 0.1971153846153846
0 0.3701923076923077 0.7680288461538461 0.22355769230769232 0.4411057692307692
0 0.2956730769230769 0.6911057692307693 0.07692307692307693 0.12740384615384615
0 0.7427884615384616 0.5733173076923077 0.12620192307692307 0.1935096153846154
0 0.5048076923076923 0.3317307692307692 0.13341346153846154 0.12139423076923077
0 0.27403846153846156 0.04807692307692308 0.11538461538461539 0.09615384615384616
0 0.6682692307692307 0.7764423076923077 0.0733173076923077 0.20072115384615385
3 0.9615384615384616 0.20552884615384615 0.07211538461538461 0.08413461538461539
2 0.9471153846153846 0.027644230769230768 0.10096153846153846 0.055288461538461536
0 0.8701923076923077 0.8221153846153846 0.23076923076923078 0.35096153846153844
3 0.7079326923076923 0.8088942307692307 0.15625 0.37740384615384615
0 0.9002403846153846 0.6694711538461539 0.19831730769230768 0.4495192307692308