0 0.20432692307692307 0.3425480769230769 0.33533653846153844 0.5961538461538461
3 0.43028846153846156 0.7572115384615384 0.1201923076923077 0.47475961538461536
3 0.2704326923076923 0.8293269230769231 0.2283653846153846 0.33653846153846156
0 0.9519230769230769 0.7127403846153846 0.09134615384615384 0.4206730769230769
0 0.6706730769230769 0.640625 0.28365384615384615 0.35216346153846156
3 0.47836538461538464 0.6838942307692307 0.08173076923076923 0.2860576923076923
3 0.5612980769230769 0.6682692307692307 0.15384615384615385 0.359375
0 0.4987980769230769 0.8798076923076923 0.10336538461538461 0.23557692307692307
0 0.35216346153846156 0.7872596153846154 0.13942307692307693 0.3581730769230769
0 0.2512019230769231 0.6526442307692307 0.078125 0.038461538461538464
0 0.28365384615384615 0.10576923076923077 0.051682692307692304 0.15264423076923078
0 0.41225961538461536 0.41466346153846156 0.18389423076923078 0.41586538461538464