0 0.5649038461538461 0.36658653846153844 0.11658653846153846 0.18269230769230768
0 0.5480769230769231 0.5865384615384616 0.1875 0.3425480769230769
0 0.5408653846153846 0.7908653846153846 0.25961538461538464 0.38822115384615385
0 0.17668269230769232 0.25 0.0889423076923077 0.09014423076923077
0 0.09615384615384616 0.7451923076923077 0.19230769230769232 0.5048076923076923
3 0.030048076923076924 0.4026442307692308 0.06009615384615385 0.08052884615384616
0 0.11778846153846154 0.4735576923076923 0.1935096153846154 0.23197115384615385
3 0.859375 0.15745192307692307 0.11778846153846154 0.296875
2 0.9675480769230769 0.1971153846153846 0.06009615384615385 0.1778846153846154
0 0.7403846153846154 0.14543269230769232 0.1502403846153846 0.06129807692307692
0 0.9242788461538461 0.6862980769230769 0.1466346153846154 0.2764423076923077
0 0.9026442307692307 0.7944711538461539 0.16947115384615385 0.40384615384615385
3 0.9723557692307693 0.037259615384615384 0.05048076923076923 0.07451923076923077
0 0.3581730769230769 0.8918269230769231 0.21033653846153846 0.21514423076923078