0 0.5637019230769231 0.10817307692307693 0.19951923076923078 0.21634615384615385
0 0.7776442307692307 0.25961538461538464 0.24519230769230768 0.5180288461538461
1 0.20432692307692307 0.2536057692307692 0.014423076923076924 0.0673076923076923
1 0.22956730769230768 0.20432692307692307 0.026442307692307692 0.03245192307692308
0 0.06490384615384616 0.25961538461538464 0.12980769230769232 0.23557692307692307
0 0.109375 0.3918269230769231 0.08052884615384616 0.2247596153846154
0 0.8581730769230769 0.015625 0.04326923076923077 0.03125
0 0.9567307692307693 0.9495192307692307 0.08533653846153846 0.09975961538461539
0 0.9206730769230769 0.5913461538461539 0.15384615384615385 0.28846153846153844
3 0.6057692307692307 0.6610576923076923 0.5673076923076923 0.5336538461538461
0 0.453125 0.7259615384615384 0.18389423076923078 0.11658653846153846
0 0.36177884615384615 0.5733173076923077 0.08533653846153846 0.10336538461538461
3 0.04567307692307692 0.7427884615384616 0.0829326923076923 0.1935096153846154
0 0.3473557692307692 0.515625 0.038461538461538464 0.037259615384615384
0 0.5084134615384616 0.33533653846153844 0.59375 0.4206730769230769