0 0.05048076923076923 0.8269230769230769 0.10096153846153846 0.34134615384615385
0 0.11177884615384616 0.6634615384615384 0.22355769230769232 0.5024038461538461
3 0.8762019230769231 0.3545673076923077 0.19471153846153846 0.33774038461538464
3 0.9230769230769231 0.4651442307692308 0.14903846153846154 0.29086538461538464
0 0.8653846153846154 0.24639423076923078 0.04567307692307692 0.06850961538461539
0 0.6586538461538461 0.8966346153846154 0.11778846153846154 0.20552884615384615
3 0.734375 0.11538461538461539 0.31009615384615385 0.22956730769230768
0 0.45913461538461536 0.5072115384615384 0.5600961538461539 0.6454326923076923
3 0.24639423076923078 0.15384615384615385 0.1141826923076923 0.15745192307692307
0 0.6069711538461539 0.40865384615384615 0.30408653846153844 0.3701923076923077
0 0.5120192307692307 0.7668269230769231 0.09134615384615384 0.12860576923076922