0 0.12620192307692307 0.3401442307692308 0.18389423076923078 0.41225961538461536
3 0.8221153846153846 0.9747596153846154 0.1346153846153846 0.04567307692307692
0 0.9314903846153846 0.33413461538461536 0.13221153846153846 0.49038461538461536
3 0.8822115384615384 0.22596153846153846 0.20432692307692307 0.2644230769230769
3 0.6706730769230769 0.1045673076923077 0.2439903846153846 0.20793269230769232
0 0.5865384615384616 0.11298076923076923 0.18028846153846154 0.14302884615384615
0 0.65625 0.375 0.1778846153846154 0.3401442307692308
0 0.5817307692307693 0.6009615384615384 0.13581730769230768 0.15625
0 0.7463942307692307 0.5492788461538461 0.15625 0.18870192307692307
0 0.3245192307692308 0.14543269230769232 0.25961538461538464 0.29086538461538464
0 0.06129807692307692 0.49399038461538464 0.12139423076923077 0.18509615384615385
0 0.006009615384615385 0.6310096153846154 0.01201923076923077 0.06009615384615385