0 0.057692307692307696 0.19591346153846154 0.1141826923076923 0.08653846153846154
3 0.8882211538461539 0.16346153846153846 0.20192307692307693 0.24278846153846154
3 0.8028846153846154 0.2920673076923077 0.07572115384615384 0.12740384615384615
0 0.7199519230769231 0.09014423076923077 0.16826923076923078 0.17908653846153846
0 0.8209134615384616 0.5985576923076923 0.028846153846153848 0.04326923076923077
0 0.9411057692307693 0.2956730769230769 0.11298076923076923 0.18269230769230768
0 0.9362980769230769 0.5673076923076923 0.12620192307692307 0.421875
0 0.6370192307692307 0.140625 0.15384615384615385 0.28125
0 0.46875 0.703125 0.2439903846153846 0.21514423076923078
0 0.11658653846153846 0.6382211538461539 0.13822115384615385 0.24879807692307693
3 0.40384615384615385 0.12860576923076922 0.13221153846153846 0.06009615384615385
3 0.15504807692307693 0.44350961538461536 0.31009615384615385 0.32572115384615385