0 0.8918269230769231 0.015625 0.026442307692307692 0.03125
0 0.03365384615384615 0.016826923076923076 0.0673076923076923 0.03365384615384615
0 0.8978365384615384 0.29447115384615385 0.20192307692307693 0.5168269230769231
3 0.9543269230769231 0.34975961538461536 0.08653846153846154 0.28125
0 0.9375 0.12740384615384615 0.1201923076923077 0.2548076923076923
0 0.28125 0.4951923076923077 0.2932692307692308 0.42788461538461536
3 0.4483173076923077 0.44711538461538464 0.14302884615384615 0.1935096153846154
0 0.5300480769230769 0.328125 0.18269230769230768 0.30649038461538464
0 0.8305288461538461 0.7908653846153846 0.27884615384615385 0.4170673076923077
0 0.7980769230769231 0.5144230769230769 0.1778846153846154 0.32572115384615385
0 0.6394230769230769 0.5360576923076923 0.16346153846153846 0.3233173076923077
3 0.8052884615384616 0.04807692307692308 0.15384615384615385 0.09615384615384616