3 0.9555288461538461 0.08173076923076923 0.08413461538461539 0.16346153846153846
0 0.9903846153846154 0.22115384615384615 0.014423076923076924 0.14903846153846154
3 0.8810096153846154 0.2776442307692308 0.21634615384615385 0.2439903846153846
3 0.7295673076923077 0.6298076923076923 0.3004807692307692 0.2920673076923077
0 0.7415865384615384 0.5168269230769231 0.32572115384615385 0.31850961538461536
0 0.125 0.6694711538461539 0.25 0.36778846153846156
0 0.8894230769230769 0.7548076923076923 0.13581730769230768 0.3473557692307692
0 0.4254807692307692 0.15985576923076922 0.17908653846153846 0.2512019230769231
0 0.030048076923076924 0.8521634615384616 0.06009615384615385 0.11298076923076923
3 0.9399038461538461 0.4423076923076923 0.046875 0.04326923076923077
3 0.7043269230769231 0.27163461538461536 0.14783653846153846 0.2283653846153846