1 0.7524038461538461 0.4338942307692308 0.0673076923076923 0.11298076923076923
3 0.8581730769230769 0.375 0.27884615384615385 0.25
0 0.5985576923076923 0.6189903846153846 0.17307692307692307 0.2548076923076923
0 0.41947115384615385 0.12980769230769232 0.22956730769230768 0.25961538461538464
1 0.7764423076923077 0.2668269230769231 0.05889423076923077 0.03485576923076923
0 0.1141826923076923 0.3245192307692308 0.046875 0.04807692307692308
0 0.7788461538461539 0.15264423076923078 0.09735576923076923 0.10697115384615384
0 0.6959134615384616 0.08052884615384616 0.06009615384615385 0.13341346153846154
3 0.8533653846153846 0.16105769230769232 0.2920673076923077 0.32211538461538464
0 0.5769230769230769 0.3701923076923077 0.17908653846153846 0.25600961538461536
0 0.9182692307692307 0.5829326923076923 0.15865384615384615 0.2860576923076923
0 0.9675480769230769 0.4375 0.06370192307692307 0.0733173076923077