0 0.7115384615384616 0.3762019230769231 0.109375 0.07091346153846154
0 0.046875 0.6009615384615384 0.09375 0.3545673076923077
0 0.22355769230769232 0.7355769230769231 0.054086538461538464 0.054086538461538464
0 0.2764423076923077 0.7908653846153846 0.1310096153846154 0.10817307692307693
0 0.21875 0.5072115384615384 0.0673076923076923 0.09975961538461539
0 0.36658653846153844 0.53125 0.12620192307692307 0.16947115384615385
0 0.4098557692307692 0.65625 0.5673076923076923 0.36899038461538464
0 0.8305288461538461 0.47596153846153844 0.09254807692307693 0.25600961538461536
0 0.8918269230769231 0.47115384615384615 0.16346153846153846 0.19951923076923078
0 0.08173076923076923 0.28725961538461536 0.16346153846153846 0.20192307692307693
0 0.5396634615384616 0.12740384615384615 0.16105769230769232 0.16346153846153846
2 0.11778846153846154 0.6766826923076923 0.03125 0.056490384615384616