0 0.3245192307692308 0.21875 0.04567307692307692 0.06971153846153846
0 0.7584134615384616 0.6165865384615384 0.27884615384615385 0.4326923076923077
0 0.6646634615384616 0.8161057692307693 0.16706730769230768 0.24519230769230768
0 0.9230769230769231 0.421875 0.15264423076923078 0.19951923076923078
3 0.7596153846153846 0.3798076923076923 0.21634615384615385 0.21754807692307693
3 0.6574519230769231 0.16706730769230768 0.19230769230769232 0.3329326923076923
3 0.6790865384615384 0.5348557692307693 0.09375 0.1658653846153846
0 0.21875 0.22235576923076922 0.3088942307692308 0.3557692307692308
0 0.0625 0.8365384615384616 0.125 0.19951923076923078
0 0.04567307692307692 0.6177884615384616 0.09014423076923077 0.23557692307692307
0 0.0985576923076923 0.6358173076923077 0.12620192307692307 0.22355769230769232