0 0.35336538461538464 0.26802884615384615 0.1875 0.30528846153846156
3 0.20072115384615385 0.14903846153846154 0.3762019230769231 0.296875
0 0.07932692307692307 0.3858173076923077 0.15865384615384615 0.45072115384615385
0 0.1201923076923077 0.3786057692307692 0.039663461538461536 0.11177884615384616
2 0.296875 0.5072115384615384 0.08774038461538461 0.2548076923076923
0 0.3605769230769231 0.5661057692307693 0.3233173076923077 0.5552884615384616
0 0.4050480769230769 0.7716346153846154 0.038461538461538464 0.027644230769230768
0 0.4483173076923077 0.7668269230769231 0.025240384615384616 0.026442307692307692
0 0.6177884615384616 0.12139423076923077 0.1141826923076923 0.19471153846153846
0 0.9375 0.12379807692307693 0.04447115384615385 0.15745192307692307
3 0.9278846153846154 0.4254807692307692 0.14302884615384615 0.2764423076923077
0 0.8617788461538461 0.5096153846153846 0.19831730769230768 0.10336538461538461
0 0.625 0.35216346153846156 0.24879807692307693 0.20552884615384615