3 0.6887019230769231 0.39302884615384615 0.29086538461538464 0.5012019230769231
3 0.6298076923076923 0.8016826923076923 0.11298076923076923 0.15384615384615385
0 0.5805288461538461 0.8185096153846154 0.07572115384615384 0.10216346153846154
0 0.7415865384615384 0.7536057692307693 0.15264423076923078 0.22235576923076922
0 0.8930288461538461 0.9002403846153846 0.17067307692307693 0.19471153846153846
0 0.984375 0.9399038461538461 0.030048076923076924 0.051682692307692304
0 0.9555288461538461 0.6682692307692307 0.06490384615384616 0.1201923076923077
3 0.4110576923076923 0.07692307692307693 0.13341346153846154 0.15264423076923078
0 0.4254807692307692 0.12740384615384615 0.18629807692307693 0.1141826923076923
0 0.35096153846153844 0.39302884615384615 0.1466346153846154 0.13701923076923078
0 0.35336538461538464 0.5360576923076923 0.028846153846153848 0.11658653846153846
0 0.3605769230769231 0.6971153846153846 0.09254807692307693 0.09495192307692307
0 0.296875 0.6598557692307693 0.109375 0.10336538461538461