0 0.9194711538461539 0.796875 0.12740384615384615 0.20673076923076922
0 0.09495192307692307 0.8125 0.15985576923076922 0.17427884615384615
0 0.5685096153846154 0.7115384615384616 0.15144230769230768 0.3016826923076923
0 0.7331730769230769 0.8052884615384616 0.15384615384615385 0.13942307692307693
0 0.9639423076923077 0.47836538461538464 0.0673076923076923 0.17307692307692307
3 0.9350961538461539 0.1971153846153846 0.125 0.35096153846153844
3 0.7211538461538461 0.2548076923076923 0.17067307692307693 0.12740384615384615
2 0.5889423076923077 0.3473557692307692 0.2848557692307692 0.29927884615384615
0 0.2127403846153846 0.3004807692307692 0.06971153846153846 0.2860576923076923
0 0.3269230769230769 0.6875 0.31971153846153844 0.2800480769230769
3 0.23677884615384615 0.49278846153846156 0.171875 0.24158653846153846