2 0.38341346153846156 0.7055288461538461 0.14182692307692307 0.25841346153846156
2 0.3425480769230769 0.5120192307692307 0.109375 0.09254807692307693
0 0.2668269230769231 0.7572115384615384 0.125 0.4483173076923077
0 0.2692307692307692 0.1045673076923077 0.24759615384615385 0.2091346153846154
0 0.6274038461538461 0.4483173076923077 0.14783653846153846 0.09615384615384616
0 0.7836538461538461 0.38461538461538464 0.1935096153846154 0.28725961538461536
0 0.9855769230769231 0.8617788461538461 0.02403846153846154 0.05048076923076923
0 0.7415865384615384 0.6346153846153846 0.10096153846153846 0.2536057692307692
0 0.7367788461538461 0.8185096153846154 0.04326923076923077 0.13581730769230768
2 0.8329326923076923 0.25 0.07211538461538461 0.057692307692307696
2 0.8509615384615384 0.0733173076923077 0.10817307692307693 0.14543269230769232