0 0.9350961538461539 0.5144230769230769 0.042067307692307696 0.09615384615384616
0 0.5685096153846154 0.4951923076923077 0.12980769230769232 0.09615384615384616
0 0.7451923076923077 0.6923076923076923 0.0889423076923077 0.140625
3 0.7007211538461539 0.4567307692307692 0.234375 0.36899038461538464
3 0.18028846153846154 0.16706730769230768 0.05048076923076923 0.046875
3 0.3918269230769231 0.19471153846153846 0.40024038461538464 0.25841346153846156
3 0.29927884615384615 0.6862980769230769 0.1045673076923077 0.09975961538461539
0 0.13221153846153846 0.33653846153846156 0.09735576923076923 0.10697115384615384
0 0.08173076923076923 0.23677884615384615 0.046875 0.1045673076923077
0 0.08052884615384616 0.109375 0.16105769230769232 0.21875
0 0.17067307692307693 0.11658653846153846 0.06850961538461539 0.06129807692307692
2 0.9387019230769231 0.1466346153846154 0.09975961538461539 0.1935096153846154
3 0.4014423076923077 0.07091346153846154 0.25721153846153844 0.140625
0 0.9663461538461539 0.5 0.0625 0.23076923076923078