0 0.12740384615384615 0.33533653846153844 0.2127403846153846 0.46153846153846156
0 0.16706730769230768 0.019230769230769232 0.026442307692307692 0.037259615384615384
0 0.7427884615384616 0.5108173076923077 0.3713942307692308 0.7524038461538461
0 0.7079326923076923 0.8665865384615384 0.06370192307692307 0.20192307692307693
0 0.2247596153846154 0.6069711538461539 0.051682692307692304 0.0673076923076923
0 0.03245192307692308 0.4675480769230769 0.06490384615384616 0.2800480769230769
0 0.9543269230769231 0.7716346153846154 0.08653846153846154 0.3701923076923077
0 0.9627403846153846 0.28125 0.06971153846153846 0.2403846153846154
0 0.09134615384615384 0.6850961538461539 0.1814903846153846 0.2403846153846154
0 0.40384615384615385 0.390625 0.24278846153846154 0.3629807692307692
0 0.07572115384615384 0.046875 0.07451923076923077 0.09375