3 0.8581730769230769 0.19471153846153846 0.1622596153846154 0.1971153846153846
0 0.8930288461538461 0.3016826923076923 0.10216346153846154 0.17908653846153846
0 0.9891826923076923 0.8149038461538461 0.016826923076923076 0.14423076923076922
0 0.8617788461538461 0.4074519230769231 0.14903846153846154 0.24519230769230768
0 0.7415865384615384 0.6971153846153846 0.17548076923076922 0.4411057692307692
0 0.5432692307692307 0.8509615384615384 0.1346153846153846 0.2932692307692308
2 0.6189903846153846 0.8786057692307693 0.10336538461538461 0.23798076923076922
0 0.515625 0.36778846153846156 0.1310096153846154 0.15865384615384615
3 0.26802884615384615 0.28846153846153844 0.1658653846153846 0.2920673076923077
3 0.06129807692307692 0.8401442307692307 0.12259615384615384 0.31490384615384615
0 0.039663461538461536 0.28725961538461536 0.051682692307692304 0.06971153846153846
0 0.3870192307692308 0.7115384615384616 0.24879807692307693 0.5564903846153846
3 0.14783653846153846 0.40384615384615385 0.06490384615384616 0.11899038461538461