0 0.9158653846153846 0.1935096153846154 0.15625 0.35336538461538464
0 0.7872596153846154 0.7632211538461539 0.2764423076923077 0.46875
0 0.006009615384615385 0.5552884615384616 0.01201923076923077 0.0673076923076923
0 0.6057692307692307 0.9555288461538461 0.11057692307692307 0.08413461538461539
0 0.8076923076923077 0.7079326923076923 0.20552884615384615 0.3485576923076923
0 0.05048076923076923 0.4026442307692308 0.10096153846153846 0.1622596153846154
3 0.6165865384615384 0.34134615384615385 0.15625 0.1502403846153846
3 0.6454326923076923 0.17307692307692307 0.3713942307692308 0.34615384615384615
0 0.9507211538461539 0.8629807692307693 0.09375 0.14903846153846154
0 0.9182692307692307 0.5709134615384616 0.15865384615384615 0.5120192307692307
0 0.4951923076923077 0.41586538461538464 0.10336538461538461 0.2439903846153846
0 0.39783653846153844 0.6394230769230769 0.08533653846153846 0.12139423076923077