0 0.046875 0.3942307692307692 0.09375 0.14783653846153846
0 0.8112980769230769 0.15985576923076922 0.25240384615384615 0.31971153846153844
0 0.8233173076923077 0.3161057692307692 0.23197115384615385 0.23197115384615385
0 0.039663461538461536 0.7235576923076923 0.07932692307692307 0.057692307692307696
0 0.21995192307692307 0.6430288461538461 0.3894230769230769 0.36658653846153844
0 0.01201923076923077 0.5384615384615384 0.02403846153846154 0.07211538461538461
0 0.36538461538461536 0.4699519230769231 0.2956730769230769 0.515625
0 0.7067307692307693 0.43990384615384615 0.046875 0.10817307692307693
0 0.7908653846153846 0.5084134615384616 0.12259615384615384 0.11177884615384616
0 0.7019230769230769 0.3173076923076923 0.03365384615384615 0.09254807692307693
0 0.6959134615384616 0.06850961538461539 0.10697115384615384 0.13701923076923078