0 0.5192307692307693 0.3449519230769231 0.13341346153846154 0.11658653846153846
0 0.3894230769230769 0.6141826923076923 0.3942307692307692 0.7668269230769231
0 0.4326923076923077 0.17307692307692307 0.02403846153846154 0.04326923076923077
0 0.18629807692307693 0.2704326923076923 0.140625 0.11177884615384616
0 0.4543269230769231 0.2127403846153846 0.006009615384615385 0.05889423076923077
3 0.06850961538461539 0.5036057692307693 0.13701923076923078 0.5132211538461539
0 0.2403846153846154 0.6814903846153846 0.23076923076923078 0.6322115384615384
0 0.7247596153846154 0.5661057692307693 0.13581730769230768 0.22956730769230768
3 0.6742788461538461 0.2608173076923077 0.2127403846153846 0.4206730769230769
0 0.8185096153846154 0.31490384615384615 0.2620192307692308 0.35096153846153844
1 0.4230769230769231 0.27283653846153844 0.07211538461538461 0.5444711538461539
3 0.18389423076923078 0.203125 0.1466346153846154 0.08413461538461539
0 0.41225961538461536 0.2620192307692308 0.0733173076923077 0.12740384615384615