0 0.14423076923076922 0.5384615384615384 0.11057692307692307 0.17548076923076922
0 0.6334134615384616 0.46274038461538464 0.054086538461538464 0.09615384615384616
3 0.8918269230769231 0.7403846153846154 0.21514423076923078 0.36177884615384615
0 0.9615384615384616 0.42788461538461536 0.07211538461538461 0.28365384615384615
3 0.984375 0.12379807692307693 0.026442307692307692 0.11298076923076923
0 0.7692307692307693 0.7283653846153846 0.19230769230769232 0.5384615384615384
2 0.6370192307692307 0.4338942307692308 0.06850961538461539 0.09495192307692307
0 0.5901442307692307 0.14182692307692307 0.15504807692307693 0.14423076923076922
3 0.5673076923076923 0.21514423076923078 0.12379807692307693 0.20793269230769232
0 0.41586538461538464 0.5685096153846154 0.20432692307692307 0.4050480769230769
0 0.3581730769230769 0.2127403846153846 0.21875 0.23557692307692307
0 0.23557692307692307 0.14182692307692307 0.05889423076923077 0.15384615384615385
0 0.0673076923076923 0.6838942307692307 0.1346153846153846 0.23798076923076922