3 0.7692307692307693 0.45913461538461536 0.14783653846153846 0.2824519230769231
3 0.051682692307692304 0.08533653846153846 0.10336538461538461 0.17067307692307693
2 0.20793269230769232 0.08653846153846154 0.12740384615384615 0.171875
0 0.2704326923076923 0.4495192307692308 0.3293269230769231 0.2644230769230769
0 0.3545673076923077 0.41586538461538464 0.19951923076923078 0.17067307692307693
0 0.19471153846153846 0.3629807692307692 0.06009615384615385 0.10817307692307693
3 0.4495192307692308 0.43990384615384615 0.11177884615384616 0.32091346153846156
0 0.8822115384615384 0.31009615384615385 0.11899038461538461 0.11899038461538461
0 0.9314903846153846 0.5240384615384616 0.13221153846153846 0.32211538461538464
2 0.7019230769230769 0.3088942307692308 0.02283653846153846 0.03125
3 0.7596153846153846 0.7584134615384616 0.0985576923076923 0.0733173076923077
3 0.8233173076923077 0.8629807692307693 0.3401442307692308 0.2403846153846154