0 0.8762019230769231 0.7620192307692307 0.14302884615384615 0.3401442307692308
3 0.6262019230769231 0.29927884615384615 0.08653846153846154 0.14903846153846154
3 0.4266826923076923 0.2536057692307692 0.15264423076923078 0.23557692307692307
0 0.19110576923076922 0.6610576923076923 0.3112980769230769 0.33533653846153844
0 0.1346153846153846 0.4098557692307692 0.23918269230769232 0.28966346153846156
0 0.03485576923076923 0.8052884615384616 0.06971153846153846 0.3076923076923077
2 0.03245192307692308 0.2247596153846154 0.06490384615384616 0.10096153846153846
0 0.6201923076923077 0.6598557692307693 0.2127403846153846 0.18990384615384615
0 0.021634615384615384 0.5228365384615384 0.042067307692307696 0.051682692307692304
0 0.5625 0.44711538461538464 0.109375 0.31490384615384615
3 0.4855769230769231 0.28966346153846156 0.109375 0.234375