3 0.9807692307692307 0.8942307692307693 0.03365384615384615 0.20673076923076922
0 0.8786057692307693 0.8870192307692307 0.24158653846153846 0.19230769230769232
3 0.6947115384615384 0.2620192307692308 0.1814903846153846 0.2247596153846154
0 0.8978365384615384 0.3629807692307692 0.06009615384615385 0.12379807692307693
0 0.7091346153846154 0.45913461538461536 0.1778846153846154 0.28365384615384615
0 0.5649038461538461 0.6814903846153846 0.18629807692307693 0.31971153846153844
3 0.5384615384615384 0.4831730769230769 0.27403846153846156 0.578125
0 0.5264423076923077 0.2439903846153846 0.09975961538461539 0.10216346153846154
0 0.46033653846153844 0.5324519230769231 0.12740384615384615 0.4050480769230769
0 0.36177884615384615 0.40865384615384615 0.0985576923076923 0.16346153846153846
0 0.17548076923076922 0.44591346153846156 0.34975961538461536 0.34975961538461536
0 0.24519230769230768 0.29447115384615385 0.19471153846153846 0.1310096153846154
0 0.75 0.5168269230769231 0.07091346153846154 0.10576923076923077