3 0.7776442307692307 0.23197115384615385 0.0625 0.05889423076923077
3 0.9110576923076923 0.328125 0.09615384615384616 0.13822115384615385
3 0.7644230769230769 0.2932692307692308 0.12620192307692307 0.19951923076923078
0 0.5877403846153846 0.6754807692307693 0.28125 0.33774038461538464
0 0.5084134615384616 0.42427884615384615 0.19951923076923078 0.28725961538461536
0 0.38461538461538464 0.7752403846153846 0.20192307692307693 0.3894230769230769
2 0.2980769230769231 0.32211538461538464 0.19471153846153846 0.2824519230769231
0 0.9266826923076923 0.6550480769230769 0.14182692307692307 0.1658653846153846
0 0.40625 0.5060096153846154 0.11538461538461539 0.13942307692307693
0 0.8846153846153846 0.4831730769230769 0.08173076923076923 0.2512019230769231
3 0.8341346153846154 0.36658653846153844 0.037259615384615384 0.10336538461538461