3 0.9146634615384616 0.27403846153846156 0.1658653846153846 0.19230769230769232
0 0.9290865384615384 0.4579326923076923 0.140625 0.22235576923076922
0 0.8521634615384616 0.6826923076923077 0.20793269230769232 0.296875
3 0.8197115384615384 0.5024038461538461 0.23557692307692307 0.5336538461538461
0 0.75 0.3605769230769231 0.18028846153846154 0.28125
0 0.7572115384615384 0.5360576923076923 0.109375 0.3894230769230769
0 0.6370192307692307 0.41947115384615385 0.056490384615384616 0.1622596153846154
0 0.47836538461538464 0.4543269230769231 0.35096153846153844 0.33052884615384615
3 0.2091346153846154 0.25721153846153844 0.19831730769230768 0.5144230769230769
0 0.5180288461538461 0.30528846153846156 0.17067307692307693 0.13341346153846154
0 0.14903846153846154 0.8689903846153846 0.08413461538461539 0.09134615384615384