0 0.9014423076923077 0.16826923076923078 0.19591346153846154 0.23918269230769232
0 0.9555288461538461 0.7475961538461539 0.08774038461538461 0.20192307692307693
3 0.6418269230769231 0.22235576923076922 0.3389423076923077 0.44350961538461536
0 0.5324519230769231 0.14302884615384615 0.19471153846153846 0.2860576923076923
0 0.6694711538461539 0.3870192307692308 0.2512019230769231 0.21514423076923078
0 0.5925480769230769 0.6790865384615384 0.29086538461538464 0.6370192307692307
3 0.25600961538461536 0.2776442307692308 0.25721153846153844 0.3581730769230769
0 0.040865384615384616 0.5228365384615384 0.08052884615384616 0.38341346153846156
0 0.13942307692307693 0.7271634615384616 0.27884615384615385 0.45072115384615385
0 0.5925480769230769 0.01201923076923077 0.056490384615384616 0.02403846153846154
3 0.06370192307692307 0.17307692307692307 0.12740384615384615 0.15865384615384615
0 0.8533653846153846 0.5408653846153846 0.16105769230769232 0.23197115384615385