0 0.9663461538461539 0.8810096153846154 0.0625 0.17548076923076922
3 0.8533653846153846 0.2764423076923077 0.17548076923076922 0.21153846153846154
0 0.8858173076923077 0.4543269230769231 0.203125 0.22956730769230768
0 0.7644230769230769 0.6814903846153846 0.20072115384615385 0.30408653846153844
3 0.7271634615384616 0.5 0.24519230769230768 0.5480769230769231
0 0.7115384615384616 0.27884615384615385 0.11778846153846154 0.13221153846153846
0 0.6622596153846154 0.5396634615384616 0.1141826923076923 0.41225961538461536
0 0.5432692307692307 0.4170673076923077 0.0829326923076923 0.1622596153846154
0 0.3713942307692308 0.4495192307692308 0.359375 0.3581730769230769
3 0.12379807692307693 0.23918269230769232 0.19591346153846154 0.47836538461538464
0 0.4230769230769231 0.29927884615384615 0.18990384615384615 0.12980769230769232
0 0.05889423076923077 0.8617788461538461 0.07932692307692307 0.09254807692307693