0 0.25961538461538464 0.9423076923076923 0.10576923076923077 0.11057692307692307
0 0.26802884615384615 0.16826923076923078 0.12139423076923077 0.07572115384615384
0 0.4699519230769231 0.8269230769230769 0.28725961538461536 0.3173076923076923
0 0.4338942307692308 0.49399038461538464 0.1141826923076923 0.25841346153846156
0 0.27283653846153844 0.6538461538461539 0.27283653846153844 0.5625
0 0.09014423076923077 0.9002403846153846 0.07091346153846154 0.19831730769230768
0 0.0889423076923077 0.16826923076923078 0.1778846153846154 0.2668269230769231
3 0.1466346153846154 0.19110576923076922 0.11057692307692307 0.15504807692307693
0 0.8882211538461539 0.6009615384615384 0.21875 0.5769230769230769
3 0.5084134615384616 0.5492788461538461 0.27283653846153844 0.5649038461538461
0 0.5204326923076923 0.6730769230769231 0.0673076923076923 0.056490384615384616