0 0.9783653846153846 0.9182692307692307 0.038461538461538464 0.10576923076923077
0 0.16826923076923078 0.43990384615384615 0.1466346153846154 0.10576923076923077
3 0.8173076923076923 0.10336538461538461 0.16105769230769232 0.20673076923076922
0 0.09735576923076923 0.2800480769230769 0.15384615384615385 0.20072115384615385
0 0.21394230769230768 0.06129807692307692 0.03365384615384615 0.05889423076923077
0 0.10336538461538461 0.7764423076923077 0.20673076923076922 0.25
0 0.11177884615384616 0.6310096153846154 0.051682692307692304 0.06009615384615385
0 0.11298076923076923 0.9266826923076923 0.08173076923076923 0.125
0 0.23317307692307693 0.7776442307692307 0.15625 0.2800480769230769
0 0.3737980769230769 0.9110576923076923 0.21875 0.17307692307692307
0 0.38822115384615385 0.6213942307692307 0.21033653846153846 0.4206730769230769
0 0.4014423076923077 0.6875 0.16826923076923078 0.2439903846153846
0 0.8798076923076923 0.39903846153846156 0.14423076923076922 0.2860576923076923
0 0.9519230769230769 0.6177884615384616 0.09134615384615384 0.4567307692307692
0 0.7163461538461539 0.25600961538461536 0.1875 0.19110576923076922