0 0.04567307692307692 0.31490384615384615 0.07451923076923077 0.12259615384615384
0 0.3581730769230769 0.25841346153846156 0.07692307692307693 0.07091346153846154
0 0.8425480769230769 0.25600961538461536 0.13822115384615385 0.09735576923076923
0 0.8137019230769231 0.6706730769230769 0.1935096153846154 0.6574519230769231
0 0.7007211538461539 0.4807692307692308 0.0829326923076923 0.16105769230769232
0 0.7079326923076923 0.025240384615384616 0.018028846153846152 0.05048076923076923
0 0.609375 0.09495192307692307 0.15745192307692307 0.18990384615384615
0 0.3858173076923077 0.6971153846153846 0.09014423076923077 0.140625
0 0.3557692307692308 0.5528846153846154 0.0985576923076923 0.19110576923076922
0 0.2704326923076923 0.546875 0.11298076923076923 0.21634615384615385
0 0.5048076923076923 0.7307692307692307 0.05048076923076923 0.05048076923076923
0 0.546875 0.4074519230769231 0.23197115384615385 0.33413461538461536
2 0.4014423076923077 0.37740384615384615 0.13701923076923078 0.19230769230769232
0 0.057692307692307696 0.5913461538461539 0.11538461538461539 0.37740384615384615