0 0.07211538461538461 0.15384615384615385 0.14302884615384615 0.10697115384615384
3 0.5252403846153846 0.018028846153846152 0.08173076923076923 0.036057692307692304
0 0.6213942307692307 0.7139423076923077 0.2644230769230769 0.27524038461538464
0 0.32211538461538464 0.6213942307692307 0.171875 0.11658653846153846
0 0.12620192307692307 0.6322115384615384 0.055288461538461536 0.0733173076923077
0 0.8774038461538461 0.04927884615384615 0.20793269230769232 0.09735576923076923
0 0.1875 0.026442307692307692 0.039663461538461536 0.052884615384615384
0 0.5709134615384616 0.45913461538461536 0.14543269230769232 0.16105769230769232
0 0.9459134615384616 0.19831730769230768 0.09375 0.11057692307692307
0 0.35336538461538464 0.1310096153846154 0.125 0.0829326923076923
0 0.36658653846153844 0.35697115384615385 0.05889423076923077 0.16105769230769232