3 0.8641826923076923 0.5420673076923077 0.11778846153846154 0.1622596153846154
0 0.5132211538461539 0.6682692307692307 0.38822115384615385 0.5973557692307693
0 0.7632211538461539 0.7043269230769231 0.17067307692307693 0.23557692307692307
0 0.7007211538461539 0.49759615384615385 0.22235576923076922 0.30408653846153844
0 0.43990384615384615 0.38100961538461536 0.24639423076923078 0.3737980769230769
0 0.11778846153846154 0.11298076923076923 0.23557692307692307 0.22596153846153846
0 0.12860576923076922 0.3894230769230769 0.16105769230769232 0.28365384615384615
3 0.1045673076923077 0.7283653846153846 0.2091346153846154 0.42788461538461536
3 0.03125 0.5240384615384616 0.0625 0.16826923076923078
0 0.9074519230769231 0.7439903846153846 0.18028846153846154 0.2956730769230769
0 0.9615384615384616 0.5564903846153846 0.07211538461538461 0.13701923076923078
0 0.9254807692307693 0.4375 0.14783653846153846 0.15144230769230768