0 0.484375 0.3233173076923077 0.0889423076923077 0.0829326923076923
0 0.030048076923076924 0.5841346153846154 0.06009615384615385 0.25841346153846156
0 0.5108173076923077 0.49399038461538464 0.12620192307692307 0.23918269230769232
0 0.96875 0.21875 0.06129807692307692 0.10697115384615384
0 0.8846153846153846 0.23677884615384615 0.037259615384615384 0.04807692307692308
0 0.8894230769230769 0.6298076923076923 0.21634615384615385 0.5817307692307693
0 0.7175480769230769 0.8978365384615384 0.04807692307692308 0.04326923076923077
0 0.6911057692307693 0.31009615384615385 0.12740384615384615 0.1935096153846154
0 0.6862980769230769 0.3762019230769231 0.16105769230769232 0.24158653846153846
0 0.5408653846153846 0.24639423076923078 0.039663461538461536 0.09375
3 0.5444711538461539 0.13581730769230768 0.18269230769230768 0.20432692307692307