0 0.9483173076923077 0.09134615384615384 0.10216346153846154 0.18269230769230768
0 0.7896634615384616 0.36899038461538464 0.2439903846153846 0.3317307692307692
0 0.019230769230769232 0.6670673076923077 0.038461538461538464 0.19471153846153846
1 0.45913461538461536 0.5901442307692307 0.14182692307692307 0.21153846153846154
0 0.30649038461538464 0.11538461538461539 0.11658653846153846 0.06009615384615385
0 0.7512019230769231 0.7512019230769231 0.17427884615384615 0.3485576923076923
0 0.703125 0.5564903846153846 0.14903846153846154 0.4098557692307692
0 0.59375 0.052884615384615384 0.21754807692307693 0.10576923076923077
0 0.4423076923076923 0.09735576923076923 0.1935096153846154 0.19471153846153846
0 0.12740384615384615 0.4375 0.18389423076923078 0.2127403846153846
0 0.5204326923076923 0.28966346153846156 0.24278846153846154 0.2644230769230769
0 0.8617788461538461 0.6694711538461539 0.20673076923076922 0.28365384615384615
2 0.9290865384615384 0.5745192307692307 0.12379807692307693 0.25240384615384615