3 0.057692307692307696 0.1622596153846154 0.11538461538461539 0.3245192307692308
0 0.6971153846153846 0.6237980769230769 0.05048076923076923 0.10697115384615384
0 0.7067307692307693 0.8064903846153846 0.12379807692307693 0.16466346153846154
3 0.921875 0.18389423076923078 0.15144230769230768 0.15625
0 0.6670673076923077 0.7451923076923077 0.20072115384615385 0.1971153846153846
0 0.9867788461538461 0.25240384615384615 0.021634615384615384 0.028846153846153848
3 0.8161057692307693 0.06610576923076923 0.3629807692307692 0.13221153846153846
0 0.8870192307692307 0.20072115384615385 0.16105769230769232 0.10817307692307693
0 0.5060096153846154 0.36658653846153844 0.21153846153846154 0.28725961538461536
2 0.4807692307692308 0.23798076923076922 0.025240384615384616 0.04567307692307692
0 0.25841346153846156 0.6225961538461539 0.24158653846153846 0.4206730769230769
0 0.32211538461538464 0.6394230769230769 0.08653846153846154 0.22115384615384615
2 0.38100961538461536 0.38461538461538464 0.14783653846153846 0.25721153846153844