3 0.6165865384615384 0.7872596153846154 0.34615384615384615 0.42427884615384615
3 0.46274038461538464 0.6694711538461539 0.17908653846153846 0.31490384615384615
0 0.0625 0.5324519230769231 0.125 0.27163461538461536
3 0.02283653846153846 0.3870192307692308 0.04567307692307692 0.1141826923076923
0 0.20552884615384615 0.7415865384615384 0.0829326923076923 0.10697115384615384
0 0.29447115384615385 0.7475961538461539 0.10576923076923077 0.15384615384615385
0 0.1622596153846154 0.44471153846153844 0.25961538461538464 0.4098557692307692
0 0.453125 0.5108173076923077 0.040865384615384616 0.11177884615384616
3 0.5012019230769231 0.5877403846153846 0.140625 0.5120192307692307
0 0.7379807692307693 0.40865384615384615 0.3161057692307692 0.41586538461538464
3 0.27884615384615385 0.9182692307692307 0.14423076923076922 0.15865384615384615
0 0.9194711538461539 0.6418269230769231 0.039663461538461536 0.02403846153846154
0 0.9026442307692307 0.6754807692307693 0.037259615384615384 0.055288461538461536