3 0.9290865384615384 0.7367788461538461 0.13701923076923078 0.3245192307692308
3 0.9170673076923077 0.46274038461538464 0.16466346153846154 0.4387019230769231
0 0.7608173076923077 0.15985576923076922 0.3449519230769231 0.28966346153846156
0 0.7596153846153846 0.71875 0.14543269230769232 0.2920673076923077
3 0.42788461538461536 0.2091346153846154 0.2824519230769231 0.4170673076923077
0 0.2860576923076923 0.13581730769230768 0.19230769230769232 0.27163461538461536
0 0.40384615384615385 0.3942307692307692 0.2283653846153846 0.27163461538461536
0 0.26322115384615385 0.6646634615384616 0.22355769230769232 0.6694711538461539
3 0.06490384615384616 0.28725961538461536 0.12980769230769232 0.3016826923076923
0 0.5805288461538461 0.5324519230769231 0.18028846153846154 0.2512019230769231
0 0.5456730769230769 0.6165865384615384 0.036057692307692304 0.051682692307692304