0 0.5420673076923077 0.2283653846153846 0.04807692307692308 0.07572115384615384
3 0.41586538461538464 0.03245192307692308 0.06370192307692307 0.06490384615384616
0 0.8954326923076923 0.5865384615384616 0.1466346153846154 0.4387019230769231
0 0.7427884615384616 0.2620192307692308 0.21033653846153846 0.28966346153846156
0 0.5240384615384616 0.2860576923076923 0.07451923076923077 0.0733173076923077
0 0.6394230769230769 0.21514423076923078 0.040865384615384616 0.05889423076923077
0 0.5973557692307693 0.2512019230769231 0.04807692307692308 0.04447115384615385
0 0.6310096153846154 0.14302884615384615 0.046875 0.055288461538461536
0 0.5709134615384616 0.12139423076923077 0.05048076923076923 0.04326923076923077
0 0.5877403846153846 0.1814903846153846 0.04326923076923077 0.0673076923076923
0 0.7896634615384616 0.4831730769230769 0.11899038461538461 0.28725961538461536