0 0.5709134615384616 0.3858173076923077 0.046875 0.078125
3 0.6213942307692307 0.06971153846153846 0.06971153846153846 0.10576923076923077
0 0.6826923076923077 0.15144230769230768 0.06129807692307692 0.056490384615384616
0 0.19471153846153846 0.5108173076923077 0.10576923076923077 0.09615384615384616
0 0.6346153846153846 0.3701923076923077 0.06370192307692307 0.18269230769230768
0 0.7355769230769231 0.19591346153846154 0.09375 0.05889423076923077
0 0.8401442307692307 0.12139423076923077 0.31490384615384615 0.24278846153846154
0 0.6947115384615384 0.6141826923076923 0.04326923076923077 0.07091346153846154
3 0.6358173076923077 0.7824519230769231 0.09615384615384616 0.36778846153846156
0 0.3473557692307692 0.1971153846153846 0.13221153846153846 0.20673076923076922
0 0.3858173076923077 0.6658653846153846 0.14783653846153846 0.3786057692307692
1 0.08774038461538461 0.6478365384615384 0.17548076923076922 0.13221153846153846
0 0.09375 0.3088942307692308 0.14903846153846154 0.24519230769230768
0 0.04567307692307692 0.07932692307692307 0.09134615384615384 0.15865384615384615