0 0.11057692307692307 0.7235576923076923 0.22115384615384615 0.5480769230769231
0 0.28966346153846156 0.6322115384615384 0.31009615384615385 0.6177884615384616
0 0.5745192307692307 0.7908653846153846 0.015625 0.02403846153846154
0 0.48677884615384615 0.8028846153846154 0.09495192307692307 0.12379807692307693
0 0.6610576923076923 0.6622596153846154 0.140625 0.22596153846153846
0 0.65625 0.36538461538461536 0.03125 0.040865384615384616
0 0.7584134615384616 0.5564903846153846 0.15264423076923078 0.3605769230769231
0 0.9699519230769231 0.6117788461538461 0.055288461538461536 0.3245192307692308
0 0.5540865384615384 0.020432692307692308 0.1346153846153846 0.040865384615384616
0 0.021634615384615384 0.22956730769230768 0.04326923076923077 0.18269230769230768
3 0.203125 0.3798076923076923 0.15144230769230768 0.2764423076923077