3 0.09495192307692307 0.6057692307692307 0.18870192307692307 0.546875
3 0.265625 0.12860576923076922 0.23317307692307693 0.22355769230769232
3 0.5348557692307693 0.04326923076923077 0.12740384615384615 0.08653846153846154
0 0.078125 0.8954326923076923 0.15625 0.20432692307692307
0 0.22596153846153846 0.8413461538461539 0.1502403846153846 0.2512019230769231
3 0.1141826923076923 0.16947115384615385 0.17908653846153846 0.3389423076923077
3 0.8942307692307693 0.3449519230769231 0.0673076923076923 0.0829326923076923
3 0.5564903846153846 0.546875 0.10216346153846154 0.234375
3 0.9519230769230769 0.4495192307692308 0.09495192307692307 0.1141826923076923
3 0.05048076923076923 0.4098557692307692 0.10096153846153846 0.1466346153846154
3 0.042067307692307696 0.27283653846153844 0.08413461538461539 0.15144230769230768