0 0.8822115384615384 0.23918269230769232 0.17548076923076922 0.19230769230769232
0 0.9242788461538461 0.5625 0.1466346153846154 0.1971153846153846
2 0.5 0.7764423076923077 0.20072115384615385 0.29086538461538464
3 0.5384615384615384 0.6382211538461539 0.17427884615384615 0.2860576923076923
3 0.4362980769230769 0.6706730769230769 0.19951923076923078 0.24639423076923078
0 0.33653846153846156 0.08533653846153846 0.14903846153846154 0.17067307692307693
0 0.9435096153846154 0.1502403846153846 0.0985576923076923 0.171875
0 0.5901442307692307 0.13581730769230768 0.17427884615384615 0.13942307692307693
2 0.11538461538461539 0.06490384615384616 0.12139423076923077 0.12980769230769232
0 0.35697115384615385 0.5625 0.33653846153846156 0.18028846153846154
0 0.34615384615384615 0.8581730769230769 0.3605769230769231 0.27884615384615385
0 0.04326923076923077 0.37740384615384615 0.08533653846153846 0.1346153846153846
0 0.578125 0.9194711538461539 0.07692307692307693 0.15985576923076922
0 0.3076923076923077 0.4182692307692308 0.12860576923076922 0.21153846153846154
0 0.3125 0.6923076923076923 0.17668269230769232 0.140625