0 0.9302884615384616 0.5889423076923077 0.1346153846153846 0.2403846153846154
0 0.5564903846153846 0.6009615384615384 0.2920673076923077 0.41346153846153844
3 0.640625 0.17067307692307693 0.13581730769230768 0.3245192307692308
0 0.9026442307692307 0.25240384615384615 0.15985576923076922 0.16105769230769232
3 0.8569711538461539 0.051682692307692304 0.1310096153846154 0.10336538461538461
3 0.9194711538461539 0.14423076923076922 0.06009615384615385 0.08533653846153846
0 0.6826923076923077 0.5625 0.20793269230769232 0.6009615384615384
3 0.8485576923076923 0.39903846153846156 0.29927884615384615 0.3329326923076923
0 0.46153846153846156 0.1814903846153846 0.2860576923076923 0.25841346153846156
0 0.3918269230769231 0.3737980769230769 0.203125 0.27163461538461536
0 0.2956730769230769 0.22355769230769232 0.10096153846153846 0.13822115384615385
0 0.1622596153846154 0.4639423076923077 0.3233173076923077 0.5709134615384616